1542462427,3.000000,1.100000
1542462428,13.100000,1.100000
1542462429,19.400000,1.100000
1542462430,22.600000,1.100000
1542462431,25.300000,1.100000
1542462432,27.200000,1.100000
1542462434,28.900000,1.100000
1542462435,30.400000,1.100000
1542462436,31.300000,1.100000
1542462437,32.300000,1.100000
1542462438,33.000000,1.100000
1542462439,33.700000,1.100000
1542462440,34.200000,1.100000
1542462441,34.700000,1.100000
1542462442,35.200000,1.100000
1542462443,35.400000,1.100000
1542462444,35.900000,1.100000
1542462445,36.300000,1.100000
1542462446,36.500000,1.100000
1542462447,37.100000,1.100000
1542462448,37.200000,1.100000
1542462449,37.500000,1.100000
1542462450,36.200000,1.100000
1542462451,36.600000,1.100000
1542462452,36.800000,1.100000
1542462453,37.200000,1.100000
1542462454,37.400000,1.100000
1542462455,37.600000,1.100000
1542462456,37.700000,1.100000
1542462457,37.800000,1.100000
1542462458,38.100000,1.100000
1542462459,38.200000,1.100000
1542462460,38.200000,1.100000
1542462461,38.400000,1.100000
1542462462,38.500000,1.100000
1542462463,38.600000,1.100000
1542462464,38.900000,1.100000
1542462465,38.900000,1.100000
1542462466,38.900000,1.100000
1542462467,39.000000,1.100000
1542462468,39.200000,1.100000
1542462470,39.200000,1.100000
1542462471,39.200000,1.100000
1542462472,39.300000,1.100000
1542462473,39.500000,1.100000
1542462474,39.600000,1.100000
1542462475,39.700000,1.100000
1542462476,39.800000,1.100000
1542462477,39.800000,1.100000
1542462478,39.900000,1.100000
1542462479,39.900000,1.100000
1542462480,39.900000,1.100000
1542462481,39.900000,1.100000
1542462482,40.000000,1.100000
1542462483,40.100000,1.100000
1542462484,39.600000,1.100000
1542462485,39.700000,1.100000
1542462486,39.700000,1.100000
1542462487,39.700000,1.100000
1542462488,39.700000,1.100000
1542462489,39.800000,1.100000
1542462490,39.800000,1.100000
1542462491,40.100000,1.100000
1542462492,40.300000,1.100000
1542462493,40.300000,1.100000
1542462494,40.300000,1.100000
1542462495,40.300000,1.100000
1542462496,40.300000,1.100000
1542462497,40.300000,1.100000
1542462498,40.400000,1.100000
1542462499,40.500000,1.100000
1542462500,40.500000,1.100000
1542462501,40.500000,1.100000
1542462502,40.600000,1.100000
1542462503,40.600000,1.100000
1542462504,40.600000,1.100000
1542462506,40.700000,1.100000
1542462507,40.800000,1.100000
1542462508,40.800000,1.100000
1542462509,40.900000,1.100000
1542462510,40.800000,1.100000
1542462511,40.800000,1.100000
1542462512,40.900000,1.100000
1542462513,41.000000,1.100000
1542462514,41.100000,1.100000
1542462515,41.100000,1.100000
1542462516,41.200000,1.100000
1542462517,41.200000,1.100000
1542462518,41.200000,1.100000
1542462519,41.200000,1.100000
1542462520,41.300000,1.100000
1542462521,41.200000,1.100000
1542462522,41.300000,1.100000
1542462523,40.900000,1.100000
1542462524,40.900000,1.100000
1542462525,41.000000,1.100000
1542462526,41.000000,1.100000
1542462527,41.000000,1.100000
1542462528,41.100000,1.100000
1542462529,41.100000,1.100000
1542462530,41.100000,1.100000
1542462531,41.200000,1.100000
1542462532,41.200000,1.100000
1542462533,41.200000,1.100000
1542462534,41.200000,1.100000
1542462535,41.200000,1.100000
1542462536,41.200000,1.100000
1542462537,41.200000,1.100000
1542462538,41.200000,1.100000
1542462539,41.200000,1.100000
1542462540,41.200000,1.100000
1542462542,41.200000,1.100000
1542462543,41.300000,1.100000
1542462544,41.300000,1.100000
1542462545,41.300000,1.100000
1542462546,41.400000,1.100000
1542462547,41.400000,1.100000
1542462548,41.400000,1.100000
1542462549,41.500000,1.100000
1542462550,41.500000,1.100000
1542462551,41.600000,1.100000
1542462552,41.600000,1.100000
1542462553,41.700000,1.100000
1542462554,41.700000,1.100000
1542462555,41.700000,1.100000
1542462556,41.300000,1.100000
1542462557,41.300000,1.100000
1542462558,41.300000,1.100000
1542462559,41.400000,1.100000
1542462560,41.400000,1.100000
1542462561,41.400000,1.100000
1542462562,41.400000,1.100000
1542462563,41.400000,1.100000
1542462564,41.400000,1.100000
1542462565,41.400000,1.100000
1542462566,41.400000,1.100000
1542462567,41.400000,1.100000
1542462568,41.500000,1.100000
1542462569,41.600000,1.100000
1542462570,41.600000,1.100000
1542462571,41.500000,1.100000
1542462572,41.600000,1.100000
1542462573,41.500000,1.100000
1542462575,41.500000,1.100000
1542462576,41.600000,1.100000
1542462577,41.500000,1.100000
1542462578,41.600000,1.100000
1542462579,41.600000,1.100000
1542462580,41.500000,1.100000
1542462581,41.500000,1.100000
1542462582,41.500000,1.100000
1542462583,41.600000,1.100000
1542462584,41.700000,1.100000
1542462585,41.600000,1.100000
1542462586,41.500000,1.100000
1542462587,41.600000,1.100000
1542462588,41.500000,1.100000
1542462589,41.500000,1.100000
1542462590,41.500000,1.100000
1542462591,41.500000,1.100000
1542462592,41.500000,1.100000
1542462593,41.500000,1.100000
1542462594,41.500000,1.100000
1542462595,41.500000,1.100000
1542462596,41.500000,1.100000
1542462597,41.500000,1.100000
1542462598,41.500000,1.100000
1542462599,41.500000,1.100000
1542462600,41.500000,1.100000
1542462601,41.500000,1.100000
1542462602,41.500000,1.100000
1542462603,41.500000,1.100000
1542462604,41.600000,1.100000
1542462605,41.500000,1.100000
1542462606,41.600000,1.100000
1542462607,41.600000,1.100000
1542462609,41.600000,1.100000
1542462610,41.600000,1.100000
1542462611,41.600000,1.100000
1542462612,41.600000,1.100000
1542462613,41.600000,1.100000
1542462614,41.600000,1.100000
1542462615,41.600000,1.100000
1542462616,41.600000,1.100000
1542462617,41.700000,1.100000
1542462618,41.700000,1.100000
1542462619,41.600000,1.100000
1542462620,41.800000,1.100000
1542462621,41.800000,1.100000
1542462622,41.800000,1.100000
1542462623,41.500000,1.100000
1542462624,41.400000,1.100000
1542462625,41.400000,1.100000
1542462626,41.500000,1.100000
1542462627,41.400000,1.100000
1542462628,41.400000,1.100000
1542462629,41.600000,1.100000
1542462630,41.500000,1.100000
1542462631,41.500000,1.100000
1542462632,41.600000,1.100000
1542462633,41.600000,1.100000
1542462634,41.600000,1.100000
1542462635,41.600000,1.100000
1542462636,41.800000,1.100000
1542462637,41.700000,1.100000
1542462638,41.700000,1.100000
1542462639,41.700000,1.100000
1542462640,41.700000,1.100000
1542462642,41.800000,1.100000
1542462643,41.800000,1.100000
1542462644,41.700000,1.100000
1542462645,41.800000,1.100000
1542462646,41.800000,1.100000
1542462647,41.800000,1.100000
1542462648,41.800000,1.100000
1542462649,41.900000,1.100000
1542462650,41.900000,1.100000
1542462651,41.900000,1.100000
1542462652,41.900000,1.100000
1542462653,41.900000,1.100000
1542462654,41.900000,1.100000
1542462655,41.900000,1.100000
1542462656,41.600000,1.100000
1542462657,41.500000,1.100000
1542462658,41.500000,1.100000
1542462659,41.600000,1.100000
1542462660,41.600000,1.100000
1542462661,41.600000,1.100000
1542462662,41.800000,1.100000
1542462663,41.700000,1.100000
1542462664,41.800000,1.100000
1542462665,41.800000,1.100000
1542462666,41.900000,1.100000
1542462667,41.800000,1.100000
1542462668,41.900000,1.100000
1542462669,41.900000,1.100000
1542462670,41.900000,1.100000
1542462671,41.900000,1.100000
1542462672,41.900000,1.100000
1542462673,41.900000,1.100000
1542462675,41.900000,1.100000
1542462676,41.900000,1.100000
1542462677,41.900000,1.100000
1542462678,41.900000,1.100000
1542462679,41.900000,1.100000
1542462680,41.900000,1.100000
1542462681,41.900000,1.100000
1542462682,41.900000,1.100000
1542462683,41.900000,1.100000
1542462684,41.900000,1.100000
1542462685,41.900000,1.100000
1542462686,41.900000,1.100000
1542462687,41.900000,1.100000
1542462688,41.900000,1.100000
1542462689,41.900000,1.100000
1542462690,41.900000,1.100000
1542462691,41.900000,1.100000
1542462692,41.900000,1.100000
1542462693,41.900000,1.100000
1542462694,41.900000,1.100000
1542462695,41.900000,1.100000
1542462696,41.900000,1.100000
1542462697,41.900000,1.100000
1542462698,41.900000,1.100000
1542462699,41.900000,1.100000
1542462700,42.000000,1.100000
1542462701,42.000000,1.100000
1542462702,42.000000,1.100000
1542462703,42.000000,1.100000
1542462704,42.000000,1.100000
1542462705,42.000000,1.100000
1542462706,42.000000,1.100000
1542462707,42.000000,1.100000
1542462708,42.000000,1.100000
1542462709,42.000000,1.100000
1542462710,42.000000,1.100000
1542462712,42.000000,1.100000
1542462713,42.000000,1.100000
1542462714,42.000000,1.100000
1542462715,42.000000,1.100000
1542462716,42.000000,1.100000
1542462717,42.000000,1.100000
1542462718,42.000000,1.100000
1542462719,42.000000,1.100000
1542462720,42.000000,1.100000
1542462721,42.000000,1.100000
1542462722,42.000000,1.100000
1542462723,42.000000,1.100000
1542462724,42.000000,1.100000
1542462725,42.000000,1.100000
1542462726,42.000000,1.100000
1542462727,42.000000,1.100000
1542462728,42.000000,1.100000
1542462729,42.000000,1.100000
1542462730,42.000000,1.100000
1542462731,42.000000,1.100000
1542462732,42.000000,1.100000
1542462733,42.000000,1.100000
1542462734,42.000000,1.100000
1542462735,42.000000,1.100000
1542462736,42.000000,1.100000
1542462737,42.000000,1.100000
1542462738,42.000000,1.100000
1542462739,42.000000,1.100000
1542462740,42.000000,1.100000
1542462741,42.000000,1.100000
1542462742,42.000000,1.100000
1542462743,42.000000,1.100000
1542462744,42.000000,1.100000
1542462745,42.000000,1.100000
1542462746,42.000000,1.100000
1542462747,42.100000,1.100000
1542462748,42.100000,1.100000
1542462749,42.100000,1.100000
1542462750,42.000000,1.100000
1542462751,42.100000,1.100000
1542462753,42.100000,1.100000
1542462754,42.100000,1.100000
1542462755,42.100000,1.100000
1542462756,42.100000,1.100000
1542462757,42.100000,1.100000
1542462758,42.100000,1.100000
1542462759,42.100000,1.100000
1542462760,42.100000,1.100000
1542462761,42.100000,1.100000
1542462762,42.100000,1.100000
1542462763,42.100000,1.100000
1542462764,42.100000,1.100000
1542462765,42.100000,1.100000
1542462766,42.100000,1.100000
1542462767,42.100000,1.100000
1542462768,42.100000,1.100000
1542462769,42.000000,1.100000
1542462770,42.000000,1.100000
1542462771,42.000000,1.100000
1542462772,42.100000,1.100000
1542462773,42.100000,1.100000
1542462774,42.100000,1.100000
1542462775,42.100000,1.100000
1542462776,42.100000,1.100000
1542462777,42.100000,1.100000
1542462778,42.100000,1.100000
1542462779,42.100000,1.100000
1542462780,42.100000,1.100000
1542462781,42.100000,1.100000
1542462782,42.100000,1.100000
1542462783,42.100000,1.100000
1542462784,42.100000,1.100000
1542462785,42.100000,1.100000
1542462786,42.100000,1.100000
1542462787,42.100000,1.100000
1542462788,42.100000,1.100000
1542462789,42.100000,1.100000
1542462791,42.100000,1.100000
1542462792,42.100000,1.100000
1542462793,42.100000,1.100000
1542462794,42.100000,1.100000
1542462795,42.100000,1.100000
1542462796,42.100000,1.100000
1542462797,42.100000,1.100000
1542462798,42.100000,1.100000
1542462799,42.100000,1.100000
1542462800,42.100000,1.100000
1542462801,42.100000,1.100000
1542462802,42.100000,1.100000
1542462803,42.100000,1.100000
1542462804,42.100000,1.100000
1542462805,42.100000,1.100000
1542462806,42.100000,1.100000
1542462807,42.100000,1.100000
1542462808,42.100000,1.100000
1542462809,42.100000,1.100000
1542462810,42.100000,1.100000
1542462811,42.100000,1.100000
1542462812,42.100000,1.100000
1542462813,42.100000,1.100000
1542462814,42.100000,1.100000
1542462815,42.100000,1.100000
1542462816,42.100000,1.100000
1542462817,42.100000,1.100000
1542462818,42.100000,1.100000
1542462819,42.100000,1.100000
1542462820,42.100000,1.100000
1542462821,42.100000,1.100000
1542462822,42.100000,1.100000
1542462823,42.200000,1.100000
1542462824,42.100000,1.100000
1542462825,42.200000,1.100000
1542462826,42.200000,1.100000
1542462827,42.200000,1.100000
1542462828,42.200000,1.100000
1542462829,42.200000,1.100000
1542462830,42.300000,1.100000
1542462831,42.300000,1.100000
1542462833,42.300000,1.100000
1542462834,42.300000,1.100000
1542462835,42.300000,1.100000
1542462836,42.300000,1.100000
1542462837,42.300000,1.100000
1542462838,42.300000,1.100000
1542462839,42.300000,1.100000
1542462840,42.300000,1.100000
1542462841,42.300000,1.100000
1542462842,42.400000,1.100000
1542462843,42.400000,1.100000
1542462844,42.400000,1.100000
1542462845,42.300000,1.100000
1542462846,42.400000,1.100000
1542462847,42.400000,1.100000
1542462848,42.500000,1.100000
1542462849,42.200000,1.100000
1542462850,42.200000,1.100000
1542462851,42.200000,1.100000
1542462852,42.200000,1.100000
1542462853,42.200000,1.100000
1542462854,42.200000,1.100000
1542462855,42.200000,1.100000
1542462856,42.200000,1.100000
1542462857,42.200000,1.100000
1542462858,42.200000,1.100000
1542462859,42.200000,1.100000
1542462860,42.200000,1.100000
1542462861,42.200000,1.100000
1542462862,42.200000,1.100000
1542462863,42.300000,1.100000
1542462864,42.200000,1.100000
1542462865,42.200000,1.100000
1542462866,42.200000,1.100000
1542462867,42.200000,1.100000
1542462868,42.300000,1.100000
1542462869,42.300000,1.100000
1542462871,42.300000,1.100000
1542462872,42.300000,1.100000
1542462873,42.300000,1.100000
1542462874,42.300000,1.100000
1542462875,42.300000,1.100000
1542462876,42.300000,1.100000
1542462877,42.300000,1.100000
1542462878,42.300000,1.100000
1542462879,42.400000,1.100000
1542462880,42.300000,1.100000
1542462881,42.300000,1.100000
1542462882,42.400000,1.100000
1542462883,42.400000,1.100000
1542462884,42.300000,1.100000
1542462885,42.300000,1.100000
1542462886,42.200000,1.100000
1542462887,42.200000,1.100000
1542462888,42.200000,1.100000
1542462889,42.200000,1.100000
1542462890,42.200000,1.100000
1542462891,42.200000,1.100000
1542462892,42.200000,1.100000
1542462893,42.200000,1.100000
1542462894,42.200000,1.100000
1542462895,42.200000,1.100000
1542462896,42.200000,1.100000
1542462897,42.200000,1.100000
1542462898,42.200000,1.100000
1542462899,42.200000,1.100000
1542462900,42.200000,1.100000
1542462901,42.200000,1.100000
1542462902,42.200000,1.100000
1542462903,42.200000,1.100000
1542462904,42.200000,1.100000
1542462905,42.200000,1.100000
1542462906,42.200000,1.100000
1542462908,42.300000,1.100000
1542462909,42.300000,1.100000
1542462910,42.300000,1.100000
1542462911,42.300000,1.100000
1542462912,42.300000,1.100000
1542462913,42.300000,1.100000
1542462914,42.300000,1.100000
1542462915,42.300000,1.100000
1542462916,42.300000,1.100000
1542462917,42.300000,1.100000
1542462918,42.300000,1.100000
1542462919,42.300000,1.100000
1542462920,42.300000,1.100000
1542462921,42.300000,1.100000
1542462922,42.200000,1.100000
1542462923,42.200000,1.100000
1542462924,42.200000,1.100000
1542462925,42.200000,1.100000
1542462926,42.200000,1.100000
1542462927,42.200000,1.100000
1542462928,42.200000,1.100000
1542462929,42.200000,1.100000
1542462930,42.300000,1.100000
1542462931,42.300000,1.100000
1542462932,42.400000,1.100000
1542462933,42.400000,1.100000
1542462934,42.400000,1.100000
1542462935,42.400000,1.100000
1542462936,42.400000,1.100000
1542462937,42.400000,1.100000
1542462938,42.400000,1.100000
1542462939,42.400000,1.100000
1542462940,42.400000,1.100000
1542462941,42.400000,1.100000
1542462942,42.400000,1.100000
1542462943,42.400000,1.100000
1542462944,42.400000,1.100000
1542462946,42.400000,1.100000
1542462947,42.400000,1.100000
1542462948,42.400000,1.100000
1542462949,42.400000,1.100000
1542462950,42.400000,1.100000
1542462951,42.400000,1.100000
1542462952,42.400000,1.100000
1542462953,42.400000,1.100000
1542462954,42.400000,1.100000
1542462955,42.400000,1.100000
1542462956,42.500000,1.100000
1542462957,42.500000,1.100000
1542462958,42.500000,1.100000
1542462959,42.500000,1.100000
1542462960,42.500000,1.100000
1542462961,42.400000,1.100000
1542462962,42.400000,1.100000
1542462963,42.400000,1.100000
1542462964,42.400000,1.100000
1542462965,42.400000,1.100000
1542462966,42.400000,1.100000
1542462967,42.400000,1.100000
1542462968,42.400000,1.100000
1542462969,42.400000,1.100000
1542462970,42.400000,1.100000
1542462971,42.400000,1.100000
1542462972,42.400000,1.100000
1542462973,42.400000,1.100000
1542462974,42.400000,1.100000
1542462975,42.400000,1.100000
1542462976,42.400000,1.100000
1542462977,42.400000,1.100000
1542462978,42.400000,1.100000
1542462979,42.400000,1.100000
1542462981,42.400000,1.100000
1542462982,42.400000,1.100000
1542462983,42.400000,1.100000
1542462984,42.400000,1.100000
1542462985,42.400000,1.100000
1542462986,42.400000,1.100000
1542462987,42.400000,1.100000
1542462988,42.400000,1.100000
1542462989,42.400000,1.100000
1542462990,42.400000,1.100000
1542462991,42.400000,1.100000
1542462992,42.400000,1.100000
1542462993,42.400000,1.100000
1542462994,42.400000,1.100000
1542462995,42.400000,1.100000
1542462996,42.500000,1.100000
1542462997,42.500000,1.100000
1542462998,42.400000,1.100000
1542462999,42.400000,1.100000
1542463000,42.400000,1.100000
1542463001,42.400000,1.100000
1542463002,42.400000,1.100000
1542463003,42.400000,1.100000
1542463004,42.400000,1.100000
1542463005,42.400000,1.100000
1542463006,42.400000,1.100000
1542463007,42.400000,1.100000
1542463008,42.400000,1.100000
1542463009,42.400000,1.100000
1542463010,42.400000,1.100000
1542463011,42.500000,1.100000
1542463012,42.500000,1.100000
1542463013,42.500000,1.100000
1542463014,42.500000,1.100000
1542463015,42.500000,1.100000
1542463016,42.500000,1.100000
1542463017,42.500000,1.100000
1542463018,42.500000,1.100000
1542463019,42.500000,1.100000
1542463020,42.500000,1.100000
1542463022,42.500000,1.100000
1542463023,42.500000,1.100000
1542463024,42.600000,1.100000
1542463025,42.600000,1.100000
1542463026,42.600000,1.100000
1542463027,42.600000,1.100000
1542463028,42.600000,1.100000
1542463029,42.600000,1.100000
1542463030,42.600000,1.100000
1542463031,42.600000,1.100000
1542463032,42.600000,1.100000
1542463033,42.600000,1.100000
1542463034,42.600000,1.100000
1542463035,42.600000,1.100000
1542463036,42.600000,1.100000
1542463037,42.600000,1.100000
1542463038,42.600000,1.100000
1542463039,42.600000,1.100000
1542463040,42.600000,1.100000
1542463041,42.600000,1.100000
1542463042,42.600000,1.100000
1542463043,42.600000,1.100000
1542463044,42.600000,1.100000
1542463045,42.600000,1.100000
1542463046,42.600000,1.100000
1542463047,42.600000,1.100000
1542463048,42.600000,1.100000
1542463049,42.600000,1.100000
1542463050,42.600000,1.100000
1542463051,42.600000,1.100000
1542463052,42.600000,1.100000
1542463053,42.600000,1.100000
1542463054,42.600000,1.100000
1542463055,42.600000,1.100000
1542463057,42.600000,1.100000
1542463058,42.600000,1.100000
1542463059,42.600000,1.100000
1542463060,42.600000,1.100000
1542463061,42.600000,1.100000
1542463062,42.600000,1.100000
1542463063,42.600000,1.100000
1542463064,42.600000,1.100000
1542463065,42.600000,1.100000
1542463066,42.600000,1.100000
1542463067,42.600000,1.100000
1542463068,42.600000,1.100000
1542463069,42.600000,1.100000
1542463070,42.600000,1.100000
1542463071,42.500000,1.100000
1542463072,42.600000,1.100000
1542463073,42.600000,1.100000
1542463074,42.500000,1.100000
1542463075,42.500000,1.100000
1542463076,42.500000,1.100000
1542463077,42.500000,1.100000
1542463078,42.500000,1.100000
1542463079,42.500000,1.100000
1542463080,42.500000,1.100000
1542463081,42.500000,1.100000
1542463082,42.500000,1.100000
1542463083,42.500000,1.100000
1542463084,42.500000,1.100000
1542463085,42.600000,1.100000
1542463086,42.600000,1.100000
1542463087,42.600000,1.100000
1542463088,42.600000,1.100000
1542463089,42.600000,1.100000
1542463090,42.600000,1.100000
1542463092,42.600000,1.100000
1542463093,42.600000,1.100000
1542463094,42.600000,1.100000
1542463095,42.600000,1.100000
1542463096,42.600000,1.100000
1542463097,42.600000,1.100000
1542463098,42.600000,1.100000
1542463099,42.600000,1.100000
1542463100,42.600000,1.100000
1542463101,42.600000,1.100000
1542463102,42.600000,1.100000
1542463103,42.600000,1.100000
1542463104,42.600000,1.100000
1542463105,42.600000,1.100000
1542463106,42.600000,1.100000
1542463107,42.600000,1.100000
1542463108,42.600000,1.100000
1542463109,42.600000,1.100000
1542463110,42.600000,1.100000
1542463111,42.600000,1.100000
1542463112,42.600000,1.100000
1542463113,42.600000,1.100000
1542463114,42.600000,1.100000
1542463115,42.600000,1.100000
1542463116,42.600000,1.100000
1542463117,42.600000,1.100000
1542463118,42.600000,1.100000
1542463119,42.600000,1.100000
1542463120,42.700000,1.100000
1542463121,42.700000,1.100000
1542463122,42.700000,1.100000
1542463123,42.700000,1.100000
1542463124,42.700000,1.100000
1542463125,42.700000,1.100000
1542463126,42.700000,1.100000
1542463127,42.700000,1.100000
1542463128,42.700000,1.100000
1542463129,42.700000,1.100000
1542463131,42.700000,1.100000
1542463132,42.700000,1.100000
1542463133,42.700000,1.100000
1542463134,42.700000,1.100000
1542463135,42.700000,1.100000
1542463136,42.700000,1.100000
1542463137,42.700000,1.100000
1542463138,42.700000,1.100000
1542463139,42.700000,1.100000
1542463140,42.700000,1.100000
1542463141,42.700000,1.100000
1542463142,42.700000,1.100000
1542463143,42.700000,1.100000
1542463144,42.700000,1.100000
1542463145,42.700000,1.100000
1542463146,42.700000,1.100000
1542463147,42.700000,1.100000
1542463148,42.700000,1.100000
1542463149,42.700000,1.100000
1542463150,42.700000,1.100000
1542463151,42.700000,1.100000
1542463152,42.700000,1.100000
1542463153,42.700000,1.100000
1542463154,42.700000,1.100000
1542463155,42.700000,1.100000
1542463156,42.700000,1.100000
1542463157,42.700000,1.100000
1542463158,42.700000,1.100000
1542463159,42.700000,1.100000
1542463160,42.700000,1.100000
1542463161,42.700000,1.100000
1542463162,42.700000,1.100000
1542463163,42.700000,1.100000
1542463164,42.700000,1.100000
1542463165,42.700000,1.100000
1542463166,42.700000,1.100000
1542463167,42.700000,1.100000
1542463169,42.700000,1.100000
1542463170,42.700000,1.100000
1542463171,42.700000,1.100000
1542463172,42.700000,1.100000
1542463173,42.700000,1.100000
1542463174,42.700000,1.100000
1542463175,42.700000,1.100000
1542463176,42.700000,1.100000
1542463177,42.700000,1.100000
1542463178,42.700000,1.100000
1542463179,42.700000,1.100000
1542463180,42.700000,1.100000
1542463181,42.700000,1.100000
1542463182,42.700000,1.100000
1542463183,42.700000,1.100000
1542463184,42.700000,1.100000
1542463185,42.700000,1.100000
1542463186,42.700000,1.100000
1542463187,42.700000,1.100000
1542463188,42.700000,1.100000
1542463189,42.700000,1.100000
1542463190,42.700000,1.100000
1542463191,42.700000,1.100000
1542463192,42.700000,1.100000
1542463193,42.700000,1.100000
1542463194,42.700000,1.100000
1542463195,42.700000,1.100000
1542463196,42.700000,1.100000
1542463197,42.700000,1.100000
1542463198,42.700000,1.100000
1542463199,42.700000,1.100000
1542463200,42.700000,1.100000
1542463201,42.700000,1.100000
1542463202,42.700000,1.100000
1542463203,42.700000,1.100000
1542463204,42.700000,1.100000
1542463205,42.700000,1.100000
1542463207,42.700000,1.100000
1542463208,42.700000,1.100000
1542463209,42.700000,1.100000
1542463210,42.700000,1.100000
1542463211,42.700000,1.100000
1542463212,42.700000,1.100000
1542463213,42.700000,1.100000
1542463214,42.700000,1.100000
1542463215,42.700000,1.100000
1542463216,42.700000,1.100000
1542463217,42.700000,1.100000
1542463218,42.700000,1.100000
1542463219,42.700000,1.100000
1542463220,42.700000,1.100000
1542463221,42.700000,1.100000
1542463222,42.700000,1.100000
1542463223,42.700000,1.100000
1542463224,42.700000,1.100000
1542463225,42.700000,1.100000
1542463226,42.700000,1.100000
1542463227,42.700000,1.100000
1542463228,42.700000,1.100000
1542463229,42.700000,1.100000
1542463230,42.700000,1.100000
1542463231,42.700000,1.100000
1542463232,42.700000,1.100000
1542463233,42.700000,1.100000
1542463234,42.700000,1.100000
1542463235,42.700000,1.100000
1542463236,42.700000,1.100000
1542463237,42.700000,1.100000
1542463238,42.700000,1.100000
1542463239,42.700000,1.100000
1542463240,42.700000,1.100000
1542463241,42.700000,1.100000
1542463242,42.700000,1.100000
1542463243,42.700000,1.100000
1542463244,42.700000,1.100000
1542463246,42.700000,1.100000
1542463247,42.700000,1.100000
1542463248,42.700000,1.100000
1542463249,42.700000,1.100000
1542463250,42.700000,1.100000
1542463251,42.700000,1.100000
1542463252,42.700000,1.100000
1542463253,42.700000,1.100000
1542463254,42.700000,1.100000
1542463255,42.700000,1.100000
1542463256,42.700000,1.100000
1542463257,42.700000,1.100000
1542463258,42.700000,1.100000
1542463259,42.700000,1.100000
1542463260,42.700000,1.100000
1542463261,42.700000,1.100000
1542463262,42.700000,1.100000
1542463263,42.700000,1.100000
1542463264,42.700000,1.100000
1542463265,42.700000,1.100000
1542463266,42.700000,1.100000
1542463267,42.700000,1.100000
1542463268,42.700000,1.100000
1542463269,42.700000,1.100000
1542463270,42.700000,1.100000
1542463271,42.700000,1.100000
1542463272,42.700000,1.100000
1542463273,42.700000,1.100000
1542463274,42.700000,1.100000
1542463275,42.700000,1.100000
1542463276,42.700000,1.100000
1542463277,42.700000,1.100000
1542463278,42.700000,1.100000
1542463279,42.700000,1.100000
1542463280,42.700000,1.100000
1542463281,42.700000,1.100000
1542463282,42.700000,1.100000
1542463283,42.700000,1.100000
1542463284,42.700000,1.100000
1542463286,42.700000,1.100000
1542463287,42.700000,1.100000
1542463288,42.700000,1.100000
1542463289,42.700000,1.100000
1542463290,42.700000,1.100000
1542463291,42.700000,1.100000
1542463292,42.700000,1.100000
1542463293,42.700000,1.100000
1542463294,42.700000,1.100000
1542463295,42.700000,1.100000
1542463296,42.700000,1.100000
1542463297,42.700000,1.100000
1542463298,42.700000,1.100000
1542463299,42.700000,1.100000
1542463300,42.700000,1.100000
1542463301,42.700000,1.100000
1542463302,42.700000,1.100000
1542463303,42.700000,1.100000
1542463304,42.700000,1.100000
1542463305,42.700000,1.100000
1542463306,42.700000,1.100000
1542463307,42.700000,1.100000
1542463308,42.700000,1.100000
1542463309,42.700000,1.100000
1542463310,42.700000,1.100000
1542463311,42.700000,1.100000
1542463312,42.700000,1.100000
1542463313,42.800000,1.100000
1542463314,42.800000,1.100000
1542463315,42.800000,1.100000
1542463316,42.800000,1.100000
1542463317,42.800000,1.100000
1542463318,42.800000,1.100000
1542463319,42.800000,1.100000
1542463320,42.800000,1.100000
1542463321,42.800000,1.100000
1542463322,42.800000,1.100000
1542463323,42.800000,1.100000
1542463324,42.800000,1.100000
1542463325,42.800000,1.100000
1542463326,42.800000,1.100000
1542463328,42.800000,1.100000
1542463329,42.800000,1.100000
1542463330,42.800000,1.100000
1542463331,42.800000,1.100000
1542463332,42.800000,1.100000
1542463333,42.800000,1.100000
1542463334,42.900000,1.100000
1542463335,42.900000,1.100000
1542463336,42.900000,1.100000
1542463337,42.900000,1.100000
1542463338,42.900000,1.100000
1542463339,42.900000,1.100000
1542463340,42.900000,1.100000
1542463341,42.900000,1.100000
1542463342,42.900000,1.100000
1542463343,42.900000,1.100000
1542463344,42.700000,1.100000
1542463345,42.700000,1.100000
1542463346,42.700000,1.100000
1542463347,42.700000,1.100000
1542463348,42.700000,1.100000
1542463349,42.800000,1.100000
1542463350,42.800000,1.100000
1542463351,42.800000,1.100000
1542463352,42.800000,1.100000
1542463353,42.800000,1.100000
1542463354,42.800000,1.100000
1542463355,42.800000,1.100000
1542463356,42.800000,1.100000
1542463357,42.800000,1.100000
1542463358,42.800000,1.100000
1542463359,42.800000,1.100000
1542463360,42.800000,1.100000
1542463361,42.800000,1.100000
1542463362,42.800000,1.100000
1542463363,42.800000,1.100000
1542463364,42.800000,1.100000
1542463366,42.800000,1.100000
1542463367,42.800000,1.100000
1542463368,42.800000,1.100000
1542463369,42.800000,1.100000
1542463370,42.800000,1.100000
1542463371,42.800000,1.100000
1542463372,42.800000,1.100000
1542463373,42.800000,1.100000
1542463374,42.800000,1.100000
1542463375,42.800000,1.100000
1542463376,42.800000,1.100000
1542463377,42.800000,1.100000
1542463378,42.800000,1.100000
1542463379,42.800000,1.100000
1542463380,42.800000,1.100000
1542463381,42.900000,1.100000
1542463382,42.900000,1.100000
1542463383,42.800000,1.100000
1542463384,42.800000,1.100000
1542463385,42.800000,1.100000
1542463386,42.800000,1.100000
1542463387,42.800000,1.100000
1542463388,42.800000,1.100000
1542463389,42.900000,1.100000
1542463390,42.900000,1.100000
1542463391,42.900000,1.100000
1542463392,42.900000,1.100000
1542463393,42.900000,1.100000
1542463394,42.900000,1.100000
1542463395,42.900000,1.100000
1542463396,42.900000,1.100000
1542463397,42.900000,1.100000
1542463398,42.900000,1.100000
1542463399,42.900000,1.100000
1542463400,42.900000,1.100000
1542463401,42.900000,1.100000
1542463402,42.900000,1.100000
1542463403,42.900000,1.100000
1542463404,42.900000,1.100000
1542463405,42.900000,1.100000
1542463407,42.900000,1.100000
1542463408,42.900000,1.100000
1542463409,42.900000,1.100000
1542463410,42.900000,1.100000
1542463411,42.900000,1.100000
1542463412,42.900000,1.100000
1542463413,42.900000,1.100000
1542463414,42.900000,1.100000
1542463415,42.900000,1.100000
1542463416,42.900000,1.100000
1542463417,42.900000,1.100000
1542463418,42.900000,1.100000
1542463419,42.900000,1.100000
1542463420,42.900000,1.100000
1542463421,42.900000,1.100000
1542463422,42.900000,1.100000
1542463423,42.900000,1.100000
1542463424,42.900000,1.100000
1542463425,42.900000,1.100000
1542463426,42.900000,1.100000
1542463427,42.900000,1.100000
1542463428,42.900000,1.100000
1542463429,42.900000,1.100000
1542463430,42.900000,1.100000
1542463431,42.900000,1.100000
1542463432,42.900000,1.100000
1542463433,42.900000,1.100000
1542463434,42.900000,1.100000
1542463435,42.900000,1.100000
1542463436,42.900000,1.100000
1542463437,42.900000,1.100000
1542463438,42.900000,1.100000
1542463439,42.900000,1.100000
1542463440,42.900000,1.100000
1542463441,42.900000,1.100000
1542463442,42.900000,1.100000
1542463443,42.900000,1.100000
1542463444,42.900000,1.100000
1542463445,42.900000,1.100000
1542463447,42.900000,1.100000
1542463448,42.900000,1.100000
1542463449,42.900000,1.100000
1542463450,42.900000,1.100000
1542463451,42.900000,1.100000
1542463452,42.900000,1.100000
1542463453,42.900000,1.100000
1542463454,42.900000,1.100000
1542463455,42.900000,1.100000
1542463456,42.900000,1.100000
1542463457,42.900000,1.100000
1542463458,42.900000,1.100000
1542463459,42.900000,1.100000
1542463460,42.900000,1.100000
1542463461,42.800000,1.100000
1542463462,42.800000,1.100000
1542463463,42.800000,1.100000
1542463464,42.800000,1.100000
1542463465,42.800000,1.100000
1542463466,42.800000,1.100000
1542463467,42.800000,1.100000
1542463468,42.800000,1.100000
1542463469,42.800000,1.100000
1542463470,42.800000,1.100000
1542463471,42.800000,1.100000
1542463472,42.800000,1.100000
1542463473,42.800000,1.100000
1542463474,42.800000,1.100000
1542463475,42.800000,1.100000
1542463476,42.800000,1.100000
1542463477,42.800000,1.100000
1542463478,42.800000,1.100000
1542463479,42.800000,1.100000
1542463480,42.800000,1.100000
1542463481,42.800000,1.100000
1542463483,42.800000,1.100000
1542463484,42.800000,1.100000
1542463485,42.900000,1.100000
1542463486,42.800000,1.100000
1542463487,42.900000,1.100000
1542463488,42.800000,1.100000
1542463489,42.900000,1.100000
1542463490,42.900000,1.100000
1542463491,42.900000,1.100000
1542463492,43.000000,1.100000
1542463493,43.000000,1.100000
1542463494,43.000000,1.100000
1542463495,43.000000,1.100000
1542463496,43.000000,1.100000
1542463497,43.000000,1.100000
1542463498,42.800000,1.100000
1542463499,42.800000,1.100000
1542463500,42.800000,1.100000
1542463501,42.800000,1.100000
1542463502,42.800000,1.100000
1542463503,42.800000,1.100000
1542463504,42.800000,1.100000
1542463505,42.800000,1.100000
1542463506,42.800000,1.100000
1542463507,42.800000,1.100000
1542463508,42.800000,1.100000
1542463509,42.800000,1.100000
1542463510,42.800000,1.100000
1542463511,42.800000,1.100000
1542463512,42.900000,1.100000
1542463513,42.900000,1.100000
1542463514,42.900000,1.100000
1542463515,42.900000,1.100000
1542463516,42.900000,1.100000
1542463517,42.900000,1.100000
1542463518,42.900000,1.100000
1542463519,42.900000,1.100000
1542463520,42.900000,1.100000
1542463522,43.000000,1.100000
1542463523,43.000000,1.100000
1542463524,43.000000,1.100000
1542463525,43.000000,1.100000
1542463526,43.000000,1.100000
1542463527,43.000000,1.100000
1542463528,43.000000,1.200000
1542463529,43.000000,1.200000
1542463530,43.000000,1.200000
1542463531,43.000000,1.200000
1542463532,43.000000,1.200000
1542463533,43.000000,1.200000
1542463534,43.000000,1.200000
1542463535,43.000000,1.200000
1542463536,43.000000,1.200000
1542463537,42.800000,1.200000
1542463538,42.800000,1.200000
1542463539,42.800000,1.200000
1542463540,42.900000,1.200000
1542463541,42.800000,1.200000
1542463542,42.900000,1.200000
1542463543,42.900000,1.200000
1542463544,42.900000,1.200000
1542463545,42.900000,1.200000
1542463546,42.900000,1.200000
1542463547,42.900000,1.200000
1542463548,42.900000,1.200000
1542463549,42.900000,1.200000
1542463550,43.000000,1.200000
1542463551,43.000000,1.200000
1542463552,43.000000,1.200000
1542463553,43.000000,1.200000
1542463554,43.000000,1.200000
1542463555,43.000000,1.200000
1542463556,43.000000,1.200000
1542463557,43.000000,1.200000
1542463559,43.000000,1.200000
1542463560,43.000000,1.200000
1542463561,43.000000,1.200000
1542463562,43.000000,1.200000
1542463563,43.000000,1.200000
1542463564,43.000000,1.200000
1542463565,43.000000,1.200000
1542463566,43.000000,1.200000
1542463567,43.000000,1.200000
1542463568,43.000000,1.200000
1542463569,43.000000,1.200000
1542463570,43.000000,1.200000
1542463571,43.000000,1.200000
1542463572,42.900000,1.200000
1542463573,43.000000,1.200000
1542463574,43.000000,1.200000
1542463575,42.900000,1.200000
1542463576,43.000000,1.200000
1542463577,43.000000,1.200000
1542463578,43.000000,1.200000
1542463579,43.000000,1.200000
1542463580,43.000000,1.200000
1542463581,43.000000,1.200000
1542463582,43.000000,1.200000
1542463583,43.000000,1.200000
1542463584,43.000000,1.200000
1542463585,43.000000,1.200000
1542463586,43.000000,1.200000
1542463587,43.000000,1.200000
1542463588,43.000000,1.200000
1542463589,43.000000,1.200000
1542463590,43.000000,1.200000
1542463591,43.000000,1.200000
1542463592,43.000000,1.200000
1542463593,43.000000,1.200000
1542463595,43.000000,1.200000
1542463596,43.000000,1.200000
1542463597,43.000000,1.200000
1542463598,43.000000,1.200000
1542463599,43.000000,1.200000
1542463600,43.000000,1.200000
1542463601,43.000000,1.200000
1542463602,43.000000,1.200000
1542463603,43.000000,1.200000
1542463604,43.000000,1.200000
1542463605,43.000000,1.200000
1542463606,43.000000,1.200000
1542463607,43.000000,1.200000
1542463608,43.000000,1.200000
1542463609,43.000000,1.200000
1542463610,43.000000,1.200000
1542463611,43.000000,1.200000
1542463612,43.000000,1.200000
1542463613,43.000000,1.200000
1542463614,43.000000,1.200000
1542463615,43.000000,1.200000
1542463616,43.000000,1.200000
1542463617,43.000000,1.200000
1542463618,43.000000,1.200000
1542463619,43.000000,1.200000
1542463620,43.000000,1.200000
1542463621,43.000000,1.200000
1542463622,43.000000,1.200000
1542463623,43.000000,1.200000
1542463624,43.000000,1.200000
1542463625,43.000000,1.200000
1542463626,43.000000,1.200000
1542463627,43.000000,1.200000
1542463628,43.000000,1.200000
1542463629,43.000000,1.200000
1542463630,43.000000,1.200000
1542463631,43.000000,1.200000
1542463632,43.000000,1.200000
1542463634,43.000000,1.200000
1542463635,43.000000,1.200000
1542463636,43.000000,1.200000
1542463637,43.000000,1.200000
1542463638,43.000000,1.200000
1542463639,43.000000,1.200000
1542463640,43.000000,1.200000
1542463641,43.000000,1.200000
1542463642,43.000000,1.200000
1542463643,43.000000,1.200000
1542463644,43.000000,1.200000
1542463645,43.000000,1.200000
1542463646,43.000000,1.200000
1542463647,43.000000,1.200000
1542463648,43.000000,1.200000
1542463649,43.000000,1.200000
1542463650,43.000000,1.200000
1542463651,43.000000,1.200000
1542463652,43.000000,1.200000
1542463653,43.000000,1.200000
1542463654,43.000000,1.200000
1542463655,43.000000,1.200000
1542463656,43.000000,1.200000
1542463657,43.000000,1.200000
1542463658,43.000000,1.200000
1542463659,43.000000,1.200000
1542463660,43.000000,1.200000
1542463661,43.000000,1.200000
1542463662,43.000000,1.200000
1542463663,43.000000,1.200000
1542463664,43.000000,1.200000
1542463665,43.000000,1.200000
1542463666,43.000000,1.200000
1542463667,43.000000,1.200000
1542463668,43.000000,1.200000
1542463669,43.000000,1.200000
1542463670,43.000000,1.200000
1542463672,43.000000,1.200000
1542463673,43.000000,1.200000
1542463674,43.000000,1.200000
1542463675,43.000000,1.200000
1542463676,43.000000,1.200000
1542463677,43.000000,1.200000
1542463678,43.000000,1.200000
1542463679,43.000000,1.200000
1542463680,43.000000,1.200000
1542463681,43.000000,1.200000
1542463682,43.000000,1.200000
1542463683,43.000000,1.200000
1542463684,43.000000,1.200000
1542463685,43.000000,1.200000
1542463686,43.000000,1.200000
1542463687,43.000000,1.200000
1542463688,43.000000,1.200000
1542463689,43.000000,1.200000
1542463690,43.000000,1.200000
1542463691,43.000000,1.200000
1542463692,43.000000,1.200000
1542463693,43.000000,1.200000
1542463694,43.000000,1.200000
1542463695,43.000000,1.200000
1542463696,43.000000,1.200000
1542463697,43.000000,1.200000
1542463698,43.000000,1.200000
1542463699,43.000000,1.200000
1542463700,43.000000,1.200000
1542463701,43.000000,1.200000
1542463702,43.000000,1.200000
1542463703,43.000000,1.200000
1542463704,43.000000,1.200000
1542463705,43.000000,1.200000
1542463706,43.000000,1.200000
1542463707,43.000000,1.200000
1542463708,43.000000,1.200000
1542463709,43.000000,1.200000
1542463710,43.000000,1.200000
1542463712,43.000000,1.200000
1542463713,43.000000,1.200000
1542463714,43.000000,1.200000
1542463715,43.000000,1.200000
1542463716,43.000000,1.200000
1542463717,43.000000,1.200000
1542463718,43.000000,1.200000
1542463719,43.000000,1.200000
1542463720,43.000000,1.200000
1542463721,43.000000,1.200000
1542463722,43.000000,1.200000
1542463723,43.000000,1.200000
1542463724,43.100000,1.200000
1542463725,43.100000,1.200000
1542463726,43.100000,1.200000
1542463727,43.000000,1.200000
1542463728,43.000000,1.200000
1542463729,43.000000,1.200000
1542463730,43.000000,1.200000
1542463731,43.000000,1.200000
1542463732,43.000000,1.200000
1542463733,43.000000,1.200000
1542463734,43.100000,1.200000
1542463735,43.100000,1.200000
1542463736,43.100000,1.200000
1542463737,43.100000,1.200000
1542463738,43.100000,1.200000
1542463739,43.100000,1.200000
1542463740,43.100000,1.200000
1542463741,43.100000,1.200000
1542463742,43.100000,1.200000
1542463743,43.100000,1.200000
1542463744,43.100000,1.200000
1542463745,43.100000,1.200000
1542463746,43.100000,1.200000
1542463747,43.100000,1.200000
1542463748,43.100000,1.200000
1542463749,43.100000,1.200000
1542463750,43.100000,1.200000
1542463752,43.100000,1.200000
1542463753,43.100000,1.200000
1542463754,43.100000,1.200000
1542463755,43.100000,1.200000
1542463756,43.100000,1.200000
1542463757,43.100000,1.200000
1542463758,43.100000,1.200000
1542463759,43.100000,1.200000
1542463760,43.100000,1.200000
1542463761,43.100000,1.200000
1542463762,43.100000,1.200000
1542463763,43.100000,1.200000
1542463764,43.200000,1.200000
1542463765,43.200000,1.200000
1542463766,43.200000,1.200000
1542463767,43.200000,1.200000
1542463768,43.100000,1.200000
1542463769,43.100000,1.200000
1542463770,43.100000,1.200000
1542463771,43.100000,1.200000
1542463772,43.100000,1.200000
1542463773,43.200000,1.200000
1542463774,43.100000,1.200000
1542463775,43.100000,1.200000
1542463776,43.200000,1.200000
1542463777,43.100000,1.200000
1542463778,43.200000,1.200000
1542463779,43.200000,1.200000
1542463780,43.100000,1.200000
1542463781,43.100000,1.200000
1542463782,43.200000,1.200000
1542463783,43.200000,1.200000
1542463784,43.200000,1.200000
1542463785,43.200000,1.200000
1542463786,43.200000,1.200000
1542463787,43.200000,1.200000
1542463788,43.200000,1.200000
1542463790,43.200000,1.200000
1542463791,43.200000,1.200000
1542463792,43.200000,1.200000
1542463793,43.200000,1.200000
1542463794,43.200000,1.200000
1542463795,43.200000,1.200000
1542463796,43.200000,1.200000
1542463797,43.200000,1.200000
1542463798,43.200000,1.200000
1542463799,43.200000,1.200000
1542463800,43.200000,1.200000
1542463801,43.200000,1.200000
1542463802,43.200000,1.200000
1542463803,43.200000,1.200000
1542463804,43.200000,1.200000
1542463805,43.200000,1.200000
1542463806,43.200000,1.200000
1542463807,43.100000,1.200000
1542463808,43.100000,1.200000
1542463809,43.100000,1.200000
1542463810,43.100000,1.200000
1542463811,43.100000,1.200000
1542463812,43.100000,1.200000
1542463813,43.100000,1.200000
1542463814,43.100000,1.200000
1542463815,43.100000,1.200000
1542463816,43.100000,1.200000
1542463817,43.100000,1.200000
1542463818,43.100000,1.200000
1542463819,43.100000,1.200000
1542463820,43.100000,1.200000
1542463821,43.100000,1.200000
1542463822,43.100000,1.200000
1542463823,43.100000,1.200000
1542463824,43.100000,1.200000
1542463825,43.100000,1.200000
1542463826,43.100000,1.200000
1542463827,43.100000,1.200000
1542463829,43.100000,1.200000
1542463830,43.100000,1.200000
1542463831,43.100000,1.200000
1542463832,43.100000,1.200000
1542463833,43.100000,1.200000
1542463834,43.100000,1.200000
1542463835,43.100000,1.200000
1542463836,43.100000,1.200000
1542463837,43.100000,1.200000
1542463838,43.100000,1.200000
1542463839,43.100000,1.200000
1542463840,43.100000,1.200000
1542463841,43.100000,1.200000
1542463842,43.200000,1.200000
1542463843,43.200000,1.200000
1542463844,43.200000,1.200000
1542463845,43.100000,1.200000
1542463846,43.100000,1.200000
1542463847,43.100000,1.200000
1542463848,43.100000,1.200000
1542463849,43.200000,1.200000
1542463850,43.100000,1.200000
1542463851,43.200000,1.200000
1542463852,43.200000,1.200000
1542463853,43.200000,1.200000
1542463854,43.200000,1.200000
1542463855,43.200000,1.200000
1542463856,43.200000,1.200000
1542463857,43.200000,1.200000
1542463858,43.200000,1.200000
1542463859,43.200000,1.200000
1542463860,43.200000,1.200000
1542463861,43.200000,1.200000
1542463862,43.200000,1.200000
1542463863,43.200000,1.200000
1542463864,43.200000,1.200000
1542463865,43.200000,1.200000
1542463866,43.200000,1.200000
1542463867,43.200000,1.200000
1542463868,43.200000,1.200000
1542463870,43.200000,1.200000
1542463871,43.200000,1.200000
1542463872,43.200000,1.200000
1542463873,43.200000,1.200000
1542463874,43.200000,1.200000
1542463875,43.200000,1.200000
1542463876,43.200000,1.200000
1542463877,43.200000,1.200000
1542463878,43.200000,1.200000
1542463879,43.200000,1.200000
1542463880,43.200000,1.200000
1542463881,43.200000,1.200000
1542463882,43.200000,1.200000
1542463883,43.200000,1.200000
1542463884,43.200000,1.200000
1542463885,43.200000,1.200000
1542463886,43.100000,1.200000
1542463887,43.100000,1.200000
1542463888,43.100000,1.200000
1542463889,43.100000,1.200000
1542463890,43.100000,1.200000
1542463891,43.100000,1.200000
1542463892,43.200000,1.200000
1542463893,43.200000,1.200000
1542463894,43.200000,1.200000
1542463895,43.200000,1.200000
1542463896,43.200000,1.200000
1542463897,43.200000,1.200000
1542463898,43.200000,1.200000
1542463899,43.200000,1.200000
1542463900,43.200000,1.200000
1542463901,43.200000,1.200000
1542463902,43.200000,1.200000
1542463903,43.200000,1.200000
1542463904,43.200000,1.200000
1542463905,43.200000,1.200000
1542463906,43.200000,1.200000
1542463907,43.200000,1.200000
1542463908,43.200000,1.200000
1542463909,43.200000,1.200000
1542463911,43.200000,1.200000
1542463912,43.200000,1.200000
1542463913,43.200000,1.200000
1542463914,43.200000,1.200000
1542463915,43.200000,1.200000
1542463916,43.200000,1.200000
1542463917,43.200000,1.200000
1542463918,43.200000,1.200000
1542463919,43.200000,1.200000
1542463920,43.200000,1.200000
1542463921,43.200000,1.200000
1542463922,43.200000,1.200000
1542463923,43.200000,1.200000
1542463924,43.200000,1.200000
1542463925,43.200000,1.200000
1542463926,43.200000,1.200000
1542463927,43.200000,1.200000
1542463928,43.200000,1.200000
1542463929,43.200000,1.200000
1542463930,43.200000,1.200000
1542463931,43.200000,1.200000
1542463932,43.200000,1.200000
1542463933,43.200000,1.200000
1542463934,43.200000,1.200000
1542463935,43.200000,1.200000
1542463936,43.200000,1.200000
1542463937,43.200000,1.200000
1542463938,43.200000,1.200000
1542463939,43.200000,1.200000
1542463940,43.200000,1.200000
1542463941,43.200000,1.200000
1542463942,43.200000,1.200000
1542463943,43.200000,1.200000
1542463944,43.200000,1.200000
1542463945,43.200000,1.200000
1542463946,43.200000,1.200000
1542463947,43.200000,1.200000
1542463948,43.200000,1.200000
1542463949,43.200000,1.200000
1542463950,43.200000,1.200000
1542463952,43.200000,1.200000
1542463953,43.200000,1.200000
1542463954,43.200000,1.200000
1542463955,43.200000,1.200000
1542463956,43.200000,1.200000
1542463957,43.200000,1.200000
1542463958,43.200000,1.200000
1542463959,43.200000,1.200000
1542463960,43.200000,1.200000
1542463961,43.200000,1.200000
1542463962,43.200000,1.200000
1542463963,43.200000,1.200000
1542463964,43.200000,1.200000
1542463965,43.200000,1.200000
1542463966,43.200000,1.200000
1542463967,43.200000,1.200000
1542463968,43.200000,1.200000
1542463969,43.200000,1.200000
1542463970,43.200000,1.200000
1542463971,43.200000,1.200000
1542463972,43.200000,1.200000
1542463973,43.200000,1.200000
1542463974,43.200000,1.200000
1542463975,43.200000,1.200000
1542463976,43.200000,1.200000
1542463977,43.200000,1.200000
1542463978,43.200000,1.200000
1542463979,43.200000,1.200000
1542463980,43.200000,1.200000
1542463981,43.200000,1.200000
1542463982,43.200000,1.200000
1542463983,43.200000,1.200000
1542463984,43.200000,1.200000
1542463985,43.200000,1.200000
1542463986,43.200000,1.200000
1542463987,43.200000,1.200000
1542463989,43.200000,1.200000
1542463990,43.200000,1.200000
1542463991,43.200000,1.200000
1542463992,43.200000,1.200000
1542463993,43.200000,1.200000
1542463994,43.200000,1.200000
1542463995,43.200000,1.200000
1542463996,43.200000,1.200000
1542463997,43.200000,1.200000
1542463998,43.200000,1.200000
1542463999,43.200000,1.200000
1542464000,43.200000,1.200000
1542464001,43.200000,1.200000
1542464002,43.200000,1.200000
1542464003,43.200000,1.200000
1542464004,43.200000,1.200000
1542464005,43.200000,1.200000
1542464006,43.200000,1.200000
1542464007,43.200000,1.200000
1542464008,43.200000,1.200000
1542464009,43.200000,1.200000
1542464010,43.200000,1.200000
1542464011,43.200000,1.200000
1542464012,43.200000,1.200000
1542464013,43.200000,1.200000
1542464014,43.200000,1.200000
1542464015,43.200000,1.200000
1542464016,43.200000,1.200000
1542464017,43.200000,1.200000
1542464018,43.200000,1.200000
1542464019,43.200000,1.200000
1542464020,43.200000,1.200000
1542464021,43.200000,1.200000
1542464022,43.200000,1.200000
1542464023,43.200000,1.200000
1542464024,43.200000,1.200000
1542464025,43.200000,1.200000
1542464026,43.200000,1.200000
1542464027,43.200000,1.200000
1542464029,43.300000,1.200000
1542464030,43.300000,1.200000
1542464031,43.300000,1.200000
1542464032,43.300000,1.200000
1542464033,43.300000,1.200000
1542464034,43.300000,1.200000
1542464035,43.300000,1.200000
1542464036,43.300000,1.200000
1542464037,43.300000,1.200000
1542464038,43.300000,1.200000
1542464039,43.300000,1.200000
1542464040,43.300000,1.200000
1542464041,43.300000,1.200000
1542464042,43.300000,1.200000
1542464043,43.300000,1.200000
1542464044,43.300000,1.200000
1542464045,43.100000,1.200000
1542464046,43.200000,1.200000
1542464047,43.200000,1.200000
1542464048,43.200000,1.200000
1542464049,43.200000,1.200000
1542464050,43.200000,1.200000
1542464051,43.200000,1.200000
1542464052,43.200000,1.200000
1542464053,43.200000,1.200000
1542464054,43.200000,1.200000
1542464055,43.200000,1.200000
1542464056,43.200000,1.200000
1542464057,43.200000,1.200000
1542464058,43.200000,1.200000
1542464059,43.200000,1.200000
1542464060,43.200000,1.200000
1542464061,43.200000,1.200000
1542464062,43.200000,1.200000
1542464063,43.200000,1.200000
1542464064,43.200000,1.200000
1542464065,43.200000,1.200000
1542464066,43.200000,1.200000
1542464068,43.200000,1.200000
1542464069,43.200000,1.200000
1542464070,43.200000,1.200000
1542464071,43.200000,1.200000
1542464072,43.200000,1.200000
1542464073,43.300000,1.200000
1542464074,43.300000,1.200000
1542464075,43.300000,1.200000
1542464076,43.300000,1.200000
1542464077,43.300000,1.200000
1542464078,43.300000,1.200000
1542464079,43.300000,1.200000
1542464080,43.300000,1.200000
1542464081,43.300000,1.200000
1542464082,43.300000,1.200000
1542464083,43.300000,1.200000
1542464084,43.300000,1.200000
1542464085,43.200000,1.200000
1542464086,43.200000,1.200000
1542464087,43.200000,1.200000
1542464088,43.200000,1.200000
1542464089,43.200000,1.200000
1542464090,43.200000,1.200000
1542464091,43.200000,1.200000
1542464092,43.200000,1.200000
1542464093,43.200000,1.200000
1542464094,43.300000,1.200000
1542464095,43.300000,1.200000
1542464096,43.300000,1.200000
1542464097,43.300000,1.200000
1542464098,43.300000,1.200000
1542464099,43.300000,1.200000
1542464100,43.300000,1.200000
1542464101,43.300000,1.200000
1542464102,43.300000,1.200000
1542464103,43.300000,1.200000
1542464104,43.300000,1.200000
1542464105,43.300000,1.200000
1542464106,43.300000,1.200000
1542464108,43.300000,1.200000
1542464109,43.300000,1.200000
1542464110,43.300000,1.200000
1542464111,43.300000,1.200000
1542464112,43.300000,1.200000
1542464113,43.300000,1.200000
1542464114,43.300000,1.200000
1542464115,43.300000,1.200000
1542464116,43.300000,1.200000
1542464117,43.300000,1.200000
1542464118,43.300000,1.200000
1542464119,43.300000,1.200000
1542464120,43.300000,1.200000
1542464121,43.300000,1.200000
1542464122,43.300000,1.200000
1542464123,43.200000,1.200000
1542464124,43.200000,1.200000
1542464125,43.200000,1.200000
1542464126,43.200000,1.200000
1542464127,43.200000,1.200000
1542464128,43.200000,1.200000
1542464129,43.200000,1.200000
1542464130,43.200000,1.200000
1542464131,43.300000,1.200000
1542464132,43.200000,1.200000
1542464133,43.200000,1.200000
1542464134,43.300000,1.200000
1542464135,43.200000,1.200000
1542464136,43.200000,1.200000
1542464137,43.300000,1.200000
1542464138,43.200000,1.200000
1542464139,43.300000,1.200000
1542464140,43.300000,1.200000
1542464141,43.300000,1.200000
1542464142,43.300000,1.200000
1542464143,43.300000,1.200000
1542464145,43.300000,1.200000
1542464146,43.300000,1.200000
1542464147,43.300000,1.200000
1542464148,43.300000,1.200000
1542464149,43.300000,1.200000
1542464150,43.300000,1.200000
1542464151,43.300000,1.200000
1542464152,43.300000,1.200000
1542464153,43.300000,1.200000
1542464154,43.300000,1.200000
1542464155,43.300000,1.200000
1542464156,43.300000,1.200000
1542464157,43.300000,1.200000
1542464158,43.300000,1.200000
1542464159,43.300000,1.200000
1542464160,43.300000,1.200000
1542464161,43.200000,1.200000
1542464162,43.100000,1.200000
1542464163,43.100000,1.200000
1542464164,43.100000,1.200000
1542464165,43.100000,1.200000
1542464166,43.100000,1.200000
1542464167,43.100000,1.200000
1542464168,43.100000,1.200000
1542464169,43.100000,1.200000
1542464170,43.100000,1.200000
1542464171,43.100000,1.200000
1542464172,43.100000,1.200000
1542464173,43.100000,1.200000
1542464174,43.200000,1.200000
1542464175,43.100000,1.200000
1542464176,43.100000,1.200000
1542464177,43.200000,1.200000
1542464178,43.100000,1.200000
1542464179,43.100000,1.200000
1542464180,43.100000,1.200000
1542464181,43.200000,1.200000
1542464183,43.100000,1.200000
1542464184,43.200000,1.200000
1542464185,43.200000,1.200000
1542464186,43.200000,1.200000
1542464187,43.200000,1.200000
1542464188,43.200000,1.200000
1542464189,43.200000,1.200000
1542464190,43.200000,1.200000
1542464191,43.200000,1.200000
1542464192,43.200000,1.200000
1542464193,43.200000,1.200000
1542464194,43.200000,1.200000
1542464195,43.200000,1.200000
1542464196,43.200000,1.200000
1542464197,43.200000,1.200000
1542464198,43.200000,1.200000
1542464199,43.100000,1.200000
1542464200,43.100000,1.200000
1542464201,43.200000,1.200000
1542464202,43.200000,1.200000
1542464203,43.200000,1.200000
1542464204,43.200000,1.200000
1542464205,43.200000,1.200000
1542464206,43.200000,1.200000
1542464207,43.200000,1.200000
1542464208,43.200000,1.200000
1542464209,43.200000,1.200000
1542464210,43.200000,1.200000
1542464211,43.200000,1.200000
1542464212,43.200000,1.200000
1542464213,43.200000,1.200000
1542464214,43.200000,1.200000
1542464215,43.200000,1.200000
1542464216,43.200000,1.200000
1542464217,43.200000,1.200000
1542464218,43.200000,1.200000
1542464219,43.200000,1.200000
1542464220,43.200000,1.200000
1542464222,43.200000,1.200000
1542464223,43.200000,1.200000
1542464224,43.200000,1.200000
1542464225,43.200000,1.200000
1542464226,43.200000,1.200000
1542464227,43.200000,1.200000
1542464228,43.200000,1.200000
1542464229,43.200000,1.200000
1542464230,43.200000,1.200000
1542464231,43.200000,1.200000
1542464232,43.200000,1.200000
1542464233,43.200000,1.200000
1542464234,43.200000,1.200000
1542464235,43.200000,1.200000
1542464236,43.200000,1.200000
1542464237,43.200000,1.200000
1542464238,43.200000,1.200000
1542464239,43.200000,1.200000
1542464240,43.100000,1.200000
1542464241,43.100000,1.200000
1542464242,43.100000,1.200000
1542464243,43.100000,1.200000
1542464244,43.100000,1.200000
1542464245,43.100000,1.200000
1542464246,43.100000,1.200000
1542464247,43.200000,1.200000
1542464248,43.200000,1.200000
1542464249,43.200000,1.200000
1542464250,43.200000,1.200000
1542464251,43.200000,1.200000
1542464252,43.200000,1.200000
1542464253,43.200000,1.200000
1542464254,43.200000,1.200000
1542464255,43.200000,1.200000
1542464256,43.200000,1.200000
1542464257,43.200000,1.200000
1542464258,43.200000,1.200000
1542464259,43.200000,1.200000
1542464260,43.200000,1.200000
1542464261,43.200000,1.200000
1542464262,43.200000,1.200000
1542464263,43.200000,1.200000
1542464264,43.200000,1.200000
1542464266,43.200000,1.200000
1542464267,43.200000,1.200000
1542464268,43.200000,1.200000
1542464269,43.200000,1.200000
1542464270,43.200000,1.200000
1542464271,43.200000,1.200000
1542464272,43.200000,1.200000
1542464273,43.200000,1.200000
1542464274,43.200000,1.200000
1542464275,43.200000,1.200000
1542464276,43.200000,1.200000
1542464277,43.200000,1.200000
1542464278,43.200000,1.200000
1542464279,43.200000,1.200000
1542464280,43.200000,1.200000
1542464281,43.200000,1.200000
1542464282,43.200000,1.200000
1542464283,43.100000,1.200000
1542464284,43.100000,1.200000
1542464285,43.100000,1.200000
1542464286,43.100000,1.200000
1542464287,43.100000,1.200000
1542464288,43.100000,1.200000
1542464289,43.100000,1.200000
1542464290,43.100000,1.200000
1542464291,43.200000,1.200000
1542464292,43.100000,1.200000
1542464293,43.200000,1.200000
1542464294,43.200000,1.200000
1542464295,43.200000,1.200000
1542464296,43.100000,1.200000
1542464297,43.100000,1.200000
1542464298,43.200000,1.200000
1542464299,43.200000,1.200000
1542464300,43.200000,1.200000
1542464301,43.200000,1.200000
1542464302,43.200000,1.200000
1542464303,43.200000,1.200000
1542464304,43.200000,1.200000
1542464306,43.200000,1.200000
1542464307,43.200000,1.200000
1542464308,43.200000,1.200000
1542464309,43.200000,1.200000
1542464310,43.200000,1.200000
1542464311,43.200000,1.200000
1542464312,43.200000,1.200000
1542464313,43.200000,1.200000
1542464314,43.200000,1.200000
1542464315,43.200000,1.200000
1542464316,43.200000,1.200000
1542464317,43.200000,1.200000
1542464318,43.200000,1.200000
1542464319,43.200000,1.200000
1542464320,43.200000,1.200000
1542464321,43.200000,1.200000
1542464322,43.200000,1.200000
1542464323,43.200000,1.200000
1542464324,43.200000,1.200000
1542464325,43.100000,1.200000
1542464326,43.100000,1.200000
1542464327,43.100000,1.200000
1542464328,43.100000,1.200000
1542464329,43.100000,1.200000
1542464330,43.100000,1.200000
1542464331,43.200000,1.200000
1542464332,43.100000,1.200000
1542464333,43.100000,1.200000
1542464334,43.100000,1.200000
1542464335,43.100000,1.200000
1542464336,43.100000,1.200000
1542464337,43.100000,1.200000
1542464338,43.100000,1.200000
1542464339,43.100000,1.200000
1542464340,43.100000,1.200000
1542464341,43.200000,1.200000
1542464342,43.100000,1.200000
1542464343,43.200000,1.200000
1542464344,43.200000,1.200000
1542464345,43.200000,1.200000
1542464346,43.200000,1.200000
1542464347,43.200000,1.200000
1542464348,43.200000,1.200000
1542464349,43.200000,1.200000
1542464350,43.200000,1.200000
1542464352,43.200000,1.200000
1542464353,43.200000,1.200000
1542464354,43.200000,1.200000
1542464355,43.200000,1.200000
1542464356,43.200000,1.200000
1542464357,43.200000,1.200000
1542464358,43.200000,1.200000
1542464359,43.200000,1.200000
1542464360,43.200000,1.200000
1542464361,43.200000,1.200000
1542464362,43.200000,1.200000
1542464363,43.200000,1.200000
1542464364,43.200000,1.200000
1542464365,43.200000,1.200000
1542464366,43.200000,1.200000
1542464367,43.200000,1.200000
1542464368,43.100000,1.200000
1542464369,43.100000,1.200000
1542464370,43.100000,1.200000
1542464371,43.100000,1.200000
1542464372,43.100000,1.200000
1542464373,43.100000,1.200000
1542464374,43.100000,1.200000
1542464375,43.100000,1.200000
1542464376,43.100000,1.200000
1542464377,43.200000,1.200000
1542464378,43.100000,1.200000
1542464379,43.200000,1.200000
1542464380,43.100000,1.200000
1542464381,43.200000,1.200000
1542464382,43.100000,1.200000
1542464383,43.200000,1.200000
1542464384,43.200000,1.200000
1542464385,43.200000,1.200000
1542464386,43.200000,1.200000
1542464387,43.200000,1.200000
1542464388,43.100000,1.200000
1542464389,43.200000,1.200000
1542464391,43.200000,1.200000
1542464392,43.200000,1.200000
1542464393,43.200000,1.200000
1542464394,43.200000,1.200000
1542464395,43.200000,1.200000
1542464396,43.200000,1.200000
1542464397,43.200000,1.200000
1542464398,43.200000,1.200000
1542464399,43.200000,1.200000
1542464400,43.200000,1.200000
1542464401,43.200000,1.200000
1542464402,43.200000,1.200000
1542464403,43.200000,1.200000
1542464404,43.200000,1.200000
1542464405,43.200000,1.200000
1542464406,43.100000,1.200000
1542464407,43.100000,1.200000
1542464408,43.100000,1.200000
1542464409,43.100000,1.200000
1542464410,43.100000,1.200000
1542464411,43.100000,1.200000
1542464412,43.100000,1.200000
1542464413,43.100000,1.200000
1542464414,43.100000,1.200000
1542464415,43.100000,1.200000
1542464416,43.100000,1.200000
1542464417,43.100000,1.200000
1542464418,43.100000,1.200000
1542464419,43.100000,1.200000
1542464420,43.200000,1.200000
1542464421,43.200000,1.200000
1542464422,43.200000,1.200000
1542464423,43.200000,1.200000
1542464424,43.200000,1.200000
1542464425,43.200000,1.200000
1542464426,43.200000,1.200000
1542464428,43.200000,1.200000
1542464429,43.200000,1.200000
1542464430,43.200000,1.200000
1542464431,43.200000,1.200000
1542464432,43.200000,1.200000
1542464433,43.200000,1.200000
1542464434,43.200000,1.200000
1542464435,43.200000,1.200000
1542464436,43.200000,1.200000
1542464437,43.200000,1.200000
1542464438,43.200000,1.200000
1542464439,43.200000,1.200000
1542464440,43.200000,1.200000
1542464441,43.200000,1.200000
1542464442,43.200000,1.200000
1542464443,43.100000,1.200000
1542464444,43.100000,1.200000
1542464445,43.100000,1.200000
1542464446,43.100000,1.200000
1542464447,43.100000,1.200000
1542464448,43.100000,1.200000
1542464449,43.100000,1.200000
1542464450,43.100000,1.200000
1542464451,43.100000,1.200000
1542464452,43.100000,1.200000
1542464453,43.100000,1.200000
1542464454,43.100000,1.200000
1542464455,43.100000,1.200000
1542464456,43.200000,1.200000
1542464457,43.200000,1.200000
1542464458,43.200000,1.200000
1542464459,43.200000,1.200000
1542464460,43.200000,1.200000
1542464461,43.200000,1.200000
1542464462,43.200000,1.200000
1542464464,43.200000,1.200000
1542464465,43.200000,1.200000
1542464466,43.200000,1.200000
1542464467,43.200000,1.200000
1542464468,43.200000,1.200000
1542464469,43.200000,1.200000
1542464470,43.200000,1.200000
1542464471,43.200000,1.200000
1542464472,43.200000,1.200000
1542464473,43.200000,1.200000
1542464474,43.200000,1.200000
1542464475,43.200000,1.200000
1542464476,43.200000,1.200000
1542464477,43.200000,1.200000
1542464478,43.100000,1.200000
1542464479,43.100000,1.200000
1542464480,43.100000,1.200000
1542464481,43.200000,1.200000
1542464482,43.100000,1.200000
1542464483,43.100000,1.200000
1542464484,43.200000,1.200000
1542464485,43.200000,1.200000
1542464486,43.200000,1.200000
1542464487,43.200000,1.200000
1542464488,43.200000,1.200000
1542464489,43.200000,1.200000
1542464490,43.200000,1.200000
1542464491,43.200000,1.200000
1542464492,43.200000,1.200000
1542464493,43.200000,1.200000
1542464494,43.200000,1.200000
1542464495,43.200000,1.200000
1542464496,43.200000,1.200000
1542464498,43.200000,1.200000
1542464499,43.200000,1.200000
1542464500,43.200000,1.200000
1542464501,43.200000,1.200000
1542464502,43.200000,1.200000
1542464503,43.200000,1.200000
1542464504,43.200000,1.200000
1542464505,43.200000,1.200000
1542464506,43.200000,1.200000
1542464507,43.200000,1.200000
1542464508,43.200000,1.200000
1542464509,43.200000,1.200000
1542464510,43.200000,1.200000
1542464511,43.200000,1.200000
1542464512,43.000000,1.200000
1542464513,43.200000,1.200000
1542464514,43.200000,1.200000
1542464515,43.000000,1.200000
1542464516,43.200000,1.200000
1542464517,43.200000,1.200000
1542464518,43.100000,1.200000
1542464519,43.100000,1.200000
1542464520,43.200000,1.200000
1542464521,43.200000,1.200000
1542464522,43.200000,1.200000
1542464523,43.200000,1.200000
1542464524,43.200000,1.200000
1542464525,43.200000,1.200000
1542464526,43.200000,1.200000
1542464527,43.200000,1.200000
1542464528,43.200000,1.200000
1542464529,43.200000,1.200000
1542464530,43.200000,1.200000
1542464531,43.200000,1.200000
1542464532,43.200000,1.200000
1542464533,43.200000,1.200000
1542464535,43.200000,1.200000
1542464536,43.200000,1.200000
1542464537,43.200000,1.200000
1542464538,43.200000,1.200000
1542464539,43.200000,1.200000
1542464540,43.200000,1.200000
1542464541,43.200000,1.200000
1542464542,43.200000,1.200000
1542464543,43.200000,1.200000
1542464544,43.200000,1.200000
1542464545,43.200000,1.200000
1542464546,43.200000,1.200000
1542464547,43.200000,1.200000
1542464548,43.000000,1.200000
1542464549,43.000000,1.200000
1542464550,43.000000,1.200000
1542464551,43.000000,1.200000
1542464552,43.000000,1.200000
1542464553,43.000000,1.200000
1542464554,43.000000,1.200000
1542464555,43.100000,1.200000
1542464556,43.200000,1.200000
1542464557,43.200000,1.200000
1542464558,43.100000,1.200000
1542464559,43.200000,1.200000
1542464560,43.100000,1.200000
1542464561,43.100000,1.200000
1542464562,43.100000,1.200000
1542464563,43.100000,1.200000
1542464564,43.100000,1.200000
1542464565,43.100000,1.200000
1542464566,43.100000,1.200000
1542464567,43.100000,1.200000
1542464568,43.100000,1.200000
1542464569,43.100000,1.200000
1542464570,43.100000,1.200000
1542464572,43.100000,1.200000
1542464573,43.100000,1.200000
1542464574,43.100000,1.200000
1542464575,43.100000,1.200000
1542464576,43.100000,1.200000
1542464577,43.100000,1.200000
1542464578,43.100000,1.200000
1542464579,43.100000,1.200000
1542464580,43.100000,1.200000
1542464581,43.100000,1.200000
1542464582,43.100000,1.200000
1542464583,43.100000,1.200000
1542464584,43.100000,1.200000
1542464585,43.100000,1.200000
1542464586,43.100000,1.200000
1542464587,43.100000,1.200000
1542464588,43.000000,1.200000
1542464589,43.000000,1.200000
1542464590,43.100000,1.200000
1542464591,43.100000,1.200000
1542464592,43.000000,1.200000
1542464593,43.100000,1.200000
1542464594,43.100000,1.200000
1542464595,43.100000,1.200000
1542464596,43.100000,1.200000
1542464597,43.100000,1.200000
1542464598,43.100000,1.200000
1542464599,43.100000,1.200000
1542464600,43.100000,1.200000
1542464601,43.100000,1.200000
1542464602,43.100000,1.200000
1542464603,43.100000,1.200000
1542464604,43.100000,1.200000
1542464605,43.100000,1.200000
1542464606,43.100000,1.200000
1542464607,43.100000,1.200000
1542464608,43.100000,1.200000
1542464610,43.100000,1.200000
1542464611,43.100000,1.200000
1542464612,43.100000,1.200000
1542464613,43.100000,1.200000
1542464614,43.100000,1.200000
1542464615,43.100000,1.200000
1542464616,43.100000,1.200000
1542464617,43.100000,1.200000
1542464618,43.100000,1.200000
1542464619,43.100000,1.200000
1542464620,43.100000,1.200000
1542464621,43.100000,1.200000
1542464622,43.100000,1.200000
1542464623,43.100000,1.200000
1542464624,43.100000,1.200000
1542464625,43.100000,1.200000
1542464626,43.000000,1.200000
1542464627,43.100000,1.200000
1542464628,43.000000,1.200000
1542464629,43.000000,1.200000
1542464630,43.000000,1.200000
1542464631,43.100000,1.200000
1542464632,43.100000,1.200000
1542464633,43.100000,1.200000
1542464634,43.100000,1.200000
1542464635,43.100000,1.200000
1542464636,43.100000,1.200000
1542464637,43.100000,1.200000
1542464638,43.100000,1.200000
1542464639,43.100000,1.200000
1542464640,43.100000,1.200000
1542464641,43.100000,1.200000
1542464642,43.100000,1.200000
1542464643,43.100000,1.200000
1542464644,43.100000,1.200000
1542464645,43.100000,1.200000
1542464646,43.100000,1.200000
1542464648,43.100000,1.200000
1542464649,43.100000,1.200000
1542464650,43.100000,1.200000
1542464651,43.100000,1.200000
1542464652,43.100000,1.200000
1542464653,43.100000,1.200000
1542464654,43.100000,1.200000
1542464655,43.100000,1.200000
1542464656,43.100000,1.200000
1542464657,43.100000,1.200000
1542464658,43.100000,1.200000
1542464659,43.100000,1.200000
1542464660,43.100000,1.200000
1542464661,43.100000,1.200000
1542464662,43.100000,1.200000
1542464663,43.100000,1.200000
1542464664,43.000000,1.200000
1542464665,43.000000,1.200000
1542464666,43.000000,1.200000
1542464667,43.000000,1.200000
1542464668,43.000000,1.200000
1542464669,43.000000,1.200000
1542464670,43.100000,1.200000
1542464671,43.100000,1.200000
1542464672,43.100000,1.200000
1542464673,43.100000,1.200000
1542464674,43.100000,1.200000
1542464675,43.000000,1.200000
1542464676,43.100000,1.200000
1542464677,43.100000,1.200000
1542464678,43.100000,1.200000
1542464679,43.100000,1.200000
1542464680,43.100000,1.200000
1542464681,43.100000,1.200000
1542464682,43.100000,1.200000
1542464683,43.100000,1.200000
1542464684,43.100000,1.200000
1542464686,43.100000,1.200000
1542464687,43.100000,1.200000
1542464688,43.100000,1.200000
1542464689,43.100000,1.200000
1542464690,43.100000,1.200000
1542464691,43.100000,1.200000
1542464692,43.100000,1.200000
1542464693,43.100000,1.200000
1542464694,43.100000,1.200000
1542464695,43.100000,1.200000
1542464696,43.100000,1.200000
1542464697,43.100000,1.200000
1542464698,43.100000,1.200000
1542464699,43.100000,1.200000
1542464700,43.000000,1.200000
1542464701,43.000000,1.200000
1542464702,43.000000,1.200000
1542464703,43.000000,1.200000
1542464704,43.100000,1.200000
1542464705,43.000000,1.200000
1542464706,43.100000,1.200000
1542464707,43.100000,1.200000
1542464708,43.100000,1.200000
1542464709,43.100000,1.200000
1542464710,43.100000,1.200000
1542464711,43.100000,1.200000
1542464712,43.100000,1.200000
1542464713,43.100000,1.200000
1542464714,43.100000,1.200000
1542464715,43.100000,1.200000
1542464716,43.100000,1.200000
1542464717,43.100000,1.200000
1542464718,43.100000,1.200000
1542464719,43.100000,1.200000
1542464720,43.100000,1.200000
1542464721,43.100000,1.200000
1542464722,43.100000,1.200000
1542464724,43.100000,1.200000
1542464725,43.100000,1.200000
1542464726,43.100000,1.200000
1542464727,43.100000,1.200000
1542464728,43.100000,1.200000
1542464729,43.100000,1.200000
1542464730,43.100000,1.200000
1542464731,43.100000,1.200000
1542464732,43.100000,1.200000
1542464733,43.100000,1.200000
1542464734,43.100000,1.200000
1542464735,43.100000,1.200000
1542464736,43.100000,1.200000
1542464737,43.100000,1.200000
1542464738,43.000000,1.200000
1542464739,43.100000,1.200000
1542464740,43.100000,1.200000
1542464741,43.100000,1.200000
1542464742,43.100000,1.200000
1542464743,43.100000,1.200000
1542464744,43.100000,1.200000
1542464745,43.100000,1.200000
1542464746,43.100000,1.200000
1542464747,43.100000,1.200000
1542464748,43.100000,1.200000
1542464749,43.100000,1.200000
1542464750,43.100000,1.200000
1542464751,43.100000,1.200000
1542464752,43.100000,1.200000
1542464753,43.100000,1.200000
1542464754,43.100000,1.200000
1542464755,43.100000,1.200000
1542464756,43.100000,1.200000
1542464757,43.100000,1.200000
1542464758,43.100000,1.200000
1542464759,43.100000,1.200000
1542464761,43.100000,1.200000
1542464762,43.100000,1.200000
1542464763,43.100000,1.200000
1542464764,43.100000,1.200000
1542464765,43.100000,1.200000
1542464766,43.100000,1.200000
1542464767,43.100000,1.200000
1542464768,43.100000,1.200000
1542464769,43.100000,1.200000
1542464770,43.100000,1.200000
1542464771,43.100000,1.200000
1542464772,43.100000,1.200000
1542464773,43.100000,1.200000
1542464774,43.100000,1.200000
1542464775,43.100000,1.200000
1542464776,43.100000,1.200000
1542464777,43.100000,1.200000
1542464778,43.100000,1.200000
1542464779,43.100000,1.200000
1542464780,43.100000,1.200000
1542464781,43.100000,1.200000
1542464782,43.100000,1.200000
1542464783,43.100000,1.200000
1542464784,43.100000,1.200000
1542464785,43.100000,1.200000
1542464786,43.100000,1.200000
1542464787,43.100000,1.200000
1542464788,43.100000,1.200000
1542464789,43.100000,1.200000
1542464790,43.100000,1.200000
1542464791,43.100000,1.200000
1542464792,43.100000,1.200000
1542464793,43.100000,1.200000
1542464794,43.100000,1.200000
1542464796,43.100000,1.200000
1542464797,43.100000,1.200000
1542464798,43.100000,1.200000
1542464799,43.100000,1.200000
1542464800,43.100000,1.200000
1542464801,43.100000,1.200000
1542464802,43.100000,1.200000
1542464803,43.100000,1.200000
1542464804,43.100000,1.200000
1542464805,43.100000,1.200000
1542464806,43.100000,1.200000
1542464807,43.100000,1.200000
1542464808,43.100000,1.200000
1542464809,43.100000,1.200000
1542464810,43.100000,1.200000
1542464811,43.100000,1.200000
1542464812,43.100000,1.200000
1542464813,43.100000,1.200000
1542464814,43.100000,1.200000
1542464815,43.100000,1.200000
1542464816,43.100000,1.200000
1542464817,43.100000,1.200000
1542464818,43.100000,1.200000
1542464819,43.100000,1.200000
1542464820,43.100000,1.200000
1542464821,43.100000,1.200000
1542464822,43.100000,1.200000
1542464823,43.100000,1.200000
1542464824,43.100000,1.200000
1542464825,43.100000,1.200000
1542464826,43.100000,1.200000
1542464827,43.100000,1.200000
1542464828,43.100000,1.200000
1542464829,43.100000,1.200000
1542464830,43.100000,1.200000
1542464831,43.100000,1.200000
1542464832,43.100000,1.200000
1542464833,43.100000,1.200000
1542464834,43.100000,1.200000
1542464836,43.100000,1.200000
1542464837,43.100000,1.200000
1542464838,43.100000,1.200000
1542464839,43.100000,1.200000
1542464840,43.100000,1.200000
1542464841,43.100000,1.200000
1542464842,43.100000,1.200000
1542464843,43.100000,1.200000
1542464844,43.100000,1.200000
1542464845,43.100000,1.200000
1542464846,43.100000,1.200000
1542464847,43.100000,1.200000
1542464848,43.100000,1.200000
1542464849,43.100000,1.200000
1542464850,43.100000,1.200000
1542464851,43.100000,1.200000
1542464852,43.100000,1.200000
1542464853,43.100000,1.200000
1542464854,43.100000,1.200000
1542464855,43.100000,1.200000
1542464856,43.100000,1.200000
1542464857,43.100000,1.200000
1542464858,43.100000,1.200000
1542464859,43.100000,1.200000
1542464860,43.100000,1.200000
1542464861,43.100000,1.200000
1542464862,43.100000,1.200000
1542464863,43.100000,1.200000
1542464864,43.100000,1.200000
1542464865,43.100000,1.200000
1542464866,43.100000,1.200000
1542464867,43.100000,1.200000
1542464868,43.100000,1.200000
1542464869,43.100000,1.200000
1542464870,43.000000,1.200000
1542464871,43.000000,1.200000
1542464872,43.000000,1.200000
1542464873,43.000000,1.200000
1542464874,43.000000,1.200000
1542464876,43.000000,1.200000
1542464877,43.000000,1.200000
1542464878,43.000000,1.200000
1542464879,43.100000,1.200000
1542464880,43.000000,1.200000
1542464881,43.000000,1.200000
1542464882,43.100000,1.200000
1542464883,43.100000,1.200000
1542464884,43.100000,1.200000
1542464885,43.100000,1.200000
1542464886,43.100000,1.200000
1542464887,43.100000,1.200000
1542464888,43.100000,1.200000
1542464889,43.100000,1.200000
1542464890,43.100000,1.200000
1542464891,43.000000,1.200000
1542464892,43.000000,1.200000
1542464893,43.000000,1.200000
1542464894,43.000000,1.200000
1542464895,43.000000,1.200000
1542464896,43.000000,1.200000
1542464897,43.000000,1.200000
1542464898,43.000000,1.200000
1542464899,43.000000,1.200000
1542464900,43.000000,1.200000
1542464901,43.000000,1.200000
1542464902,43.000000,1.200000
1542464903,43.000000,1.200000
1542464904,43.000000,1.200000
1542464905,43.000000,1.200000
1542464906,43.000000,1.200000
1542464907,43.000000,1.200000
1542464908,43.100000,1.200000
1542464909,43.100000,1.200000
1542464910,43.100000,1.200000
1542464912,43.100000,1.200000
1542464913,43.100000,1.200000
1542464914,43.100000,1.200000
1542464915,43.100000,1.200000
1542464916,43.100000,1.200000
1542464917,43.100000,1.200000
1542464918,43.100000,1.200000
1542464919,43.100000,1.200000
1542464920,43.100000,1.200000
1542464921,43.100000,1.200000
1542464922,43.100000,1.200000
1542464923,43.100000,1.200000
1542464924,43.100000,1.200000
1542464925,43.100000,1.200000
1542464926,43.100000,1.200000
1542464927,43.100000,1.200000
1542464928,43.100000,1.200000
1542464929,43.100000,1.200000
1542464930,43.100000,1.200000
1542464931,43.100000,1.200000
1542464932,43.100000,1.200000
1542464933,43.100000,1.200000
1542464934,43.100000,1.200000
1542464935,43.100000,1.200000
1542464936,43.100000,1.200000
1542464937,43.100000,1.200000
1542464938,43.100000,1.200000
1542464939,43.100000,1.200000
1542464940,43.100000,1.200000
1542464941,43.100000,1.200000
1542464942,43.100000,1.200000
1542464943,43.100000,1.200000
1542464944,43.100000,1.200000
1542464945,43.100000,1.200000
1542464946,43.100000,1.200000
1542464947,43.100000,1.200000
1542464948,43.100000,1.200000
1542464949,43.100000,1.200000
1542464951,43.100000,1.200000
1542464952,43.100000,1.200000
1542464953,43.100000,1.200000
1542464954,43.100000,1.200000
1542464955,43.100000,1.200000
1542464956,43.100000,1.200000
1542464957,43.100000,1.200000
1542464958,43.100000,1.200000
1542464959,43.100000,1.200000
1542464960,43.100000,1.200000
1542464961,43.100000,1.200000
1542464962,43.100000,1.200000
1542464963,43.200000,1.200000
1542464964,43.200000,1.200000
1542464965,43.200000,1.200000
1542464966,43.200000,1.200000
1542464967,43.100000,1.200000
1542464968,43.100000,1.200000
1542464969,43.100000,1.200000
1542464970,43.100000,1.200000
1542464971,43.100000,1.200000
1542464972,43.100000,1.200000
1542464973,43.100000,1.200000
1542464974,43.100000,1.200000
1542464975,43.100000,1.200000
1542464976,43.100000,1.200000
1542464977,43.100000,1.200000
1542464978,43.100000,1.200000
1542464979,43.100000,1.200000
1542464980,43.100000,1.200000
1542464981,43.100000,1.200000
1542464982,43.100000,1.200000
1542464983,43.100000,1.200000
1542464984,43.100000,1.200000
1542464985,43.100000,1.200000
1542464986,43.100000,1.200000
1542464987,43.100000,1.200000
1542464989,43.100000,1.200000
1542464990,43.200000,1.200000
1542464991,43.100000,1.200000
1542464992,43.200000,1.200000
1542464993,43.200000,1.200000
1542464994,43.200000,1.200000
1542464995,43.200000,1.200000
1542464996,43.200000,1.200000
1542464997,43.200000,1.200000
1542464998,43.200000,1.200000
1542464999,43.200000,1.200000
1542465000,43.200000,1.200000
1542465001,43.200000,1.200000
1542465002,43.200000,1.200000
1542465003,43.200000,1.200000
1542465004,43.200000,1.200000
1542465005,43.200000,1.200000
1542465006,43.100000,1.200000
1542465007,43.100000,1.200000
1542465008,43.100000,1.200000
1542465009,43.100000,1.200000
1542465010,43.100000,1.200000
1542465011,43.100000,1.200000
1542465012,43.200000,1.200000
1542465013,43.200000,1.200000
1542465014,43.200000,1.200000
1542465015,43.200000,1.200000
1542465016,43.200000,1.200000
1542465017,43.200000,1.200000
1542465018,43.200000,1.200000
1542465019,43.200000,1.200000
1542465020,43.200000,1.200000
1542465021,43.200000,1.200000
1542465022,43.200000,1.200000
1542465023,43.200000,1.200000
1542465024,43.200000,1.200000
1542465025,43.200000,1.200000
1542465026,43.200000,1.200000
1542465027,43.200000,1.200000
1542465029,43.200000,1.200000
1542465030,43.200000,1.200000
1542465031,43.200000,1.200000
1542465032,43.200000,1.200000
1542465033,43.200000,1.200000
1542465034,43.200000,1.200000
1542465035,43.200000,1.200000
1542465036,43.200000,1.200000
1542465037,43.200000,1.200000
1542465038,43.200000,1.200000
1542465039,43.200000,1.200000
1542465040,43.200000,1.200000
1542465041,43.200000,1.200000
1542465042,43.200000,1.200000
1542465043,43.200000,1.200000
1542465044,43.200000,1.200000
1542465045,43.200000,1.200000
1542465046,43.200000,1.200000
1542465047,43.200000,1.200000
1542465048,43.200000,1.200000
1542465049,43.200000,1.200000
1542465050,43.200000,1.200000
1542465051,43.200000,1.200000
1542465052,43.200000,1.200000
1542465053,43.200000,1.200000
1542465054,43.200000,1.200000
1542465055,43.200000,1.200000
1542465056,43.200000,1.200000
1542465057,43.200000,1.200000
1542465058,43.200000,1.200000
1542465059,43.200000,1.200000
1542465060,43.200000,1.200000
1542465061,43.200000,1.200000
1542465062,43.200000,1.200000
1542465063,43.200000,1.200000
1542465064,43.200000,1.200000
1542465065,43.200000,1.200000
1542465067,43.200000,1.200000
1542465068,43.200000,1.200000
1542465069,43.200000,1.200000
1542465070,43.200000,1.200000
1542465071,43.200000,1.200000
1542465072,43.200000,1.200000
1542465073,43.200000,1.200000
1542465074,43.200000,1.200000
1542465075,43.200000,1.200000
1542465076,43.200000,1.200000
1542465077,43.200000,1.200000
1542465078,43.200000,1.200000
1542465079,43.200000,1.200000
1542465080,43.200000,1.200000
1542465081,43.200000,1.200000
1542465082,43.200000,1.200000
1542465083,43.200000,1.200000
1542465084,43.200000,1.200000
1542465085,43.200000,1.200000
1542465086,43.200000,1.200000
1542465087,43.200000,1.200000
1542465088,43.200000,1.200000
1542465089,43.200000,1.200000
1542465090,43.200000,1.200000
1542465091,43.200000,1.200000
1542465092,43.200000,1.200000
1542465093,43.200000,1.200000
1542465094,43.200000,1.200000
1542465095,43.200000,1.200000
1542465096,43.200000,1.200000
1542465097,43.200000,1.200000
1542465098,43.200000,1.200000
1542465099,43.200000,1.200000
1542465100,43.200000,1.200000
1542465101,43.200000,1.200000
1542465102,43.200000,1.200000
1542465103,43.200000,1.200000
1542465104,43.200000,1.200000
1542465106,43.200000,1.200000
1542465107,43.200000,1.200000
1542465108,43.200000,1.200000
1542465109,43.200000,1.200000
1542465110,43.200000,1.200000
1542465111,43.200000,1.200000
1542465112,43.200000,1.200000
1542465113,43.200000,1.200000
1542465114,43.200000,1.200000
1542465115,43.200000,1.200000
1542465116,43.200000,1.200000
1542465117,43.200000,1.200000
1542465118,43.200000,1.200000
1542465119,43.200000,1.200000
1542465120,43.200000,1.200000
1542465121,43.200000,1.200000
1542465122,43.200000,1.200000
1542465123,43.200000,1.200000
1542465124,43.200000,1.200000
1542465125,43.200000,1.200000
1542465126,43.200000,1.200000
1542465127,43.200000,1.200000
1542465128,43.200000,1.200000
1542465129,43.200000,1.200000
1542465130,43.200000,1.200000
1542465131,43.200000,1.200000
1542465132,43.200000,1.200000
1542465133,43.200000,1.200000
1542465134,43.200000,1.200000
1542465135,43.200000,1.200000
1542465136,43.200000,1.200000
1542465137,43.200000,1.200000
1542465138,43.200000,1.200000
1542465139,43.200000,1.200000
1542465140,43.200000,1.200000
1542465141,43.200000,1.200000
1542465142,43.200000,1.200000
1542465143,43.200000,1.200000
1542465144,43.200000,1.200000
1542465145,43.200000,1.200000
1542465146,43.200000,1.200000
1542465147,43.200000,1.200000
1542465148,43.200000,1.200000
1542465149,43.200000,1.200000
1542465151,43.200000,1.200000
1542465152,43.200000,1.200000
1542465153,43.200000,1.200000
1542465154,43.200000,1.200000
1542465155,43.200000,1.200000
1542465156,43.200000,1.200000
1542465157,43.200000,1.200000
1542465158,43.200000,1.200000
1542465159,43.200000,1.200000
1542465160,43.200000,1.200000
1542465161,43.200000,1.200000
1542465162,43.200000,1.200000
1542465163,43.200000,1.200000
1542465164,43.200000,1.200000
1542465165,43.100000,1.200000
1542465166,43.100000,1.200000
1542465167,43.100000,1.200000
1542465168,43.100000,1.200000
1542465169,43.100000,1.200000
1542465170,43.100000,1.200000
1542465171,43.100000,1.200000
1542465172,43.100000,1.200000
1542465173,43.100000,1.200000
1542465174,43.100000,1.200000
1542465175,43.100000,1.200000
1542465176,43.100000,1.200000
1542465177,43.100000,1.200000
1542465178,43.100000,1.200000
1542465179,43.100000,1.200000
1542465180,43.100000,1.200000
1542465181,43.100000,1.200000
1542465182,43.100000,1.200000
1542465183,43.100000,1.200000
1542465184,43.100000,1.200000
1542465185,43.100000,1.200000
1542465186,43.100000,1.200000
1542465188,43.100000,1.200000
1542465189,43.100000,1.200000
1542465190,43.100000,1.200000
1542465191,43.100000,1.200000
1542465192,43.100000,1.200000
1542465193,43.100000,1.200000
1542465194,43.100000,1.200000
1542465195,43.100000,1.200000
1542465196,43.100000,1.200000
1542465197,43.100000,1.200000
1542465198,43.100000,1.200000
1542465199,43.100000,1.200000
1542465200,43.100000,1.200000
1542465201,43.100000,1.200000
1542465202,43.100000,1.200000
1542465203,43.100000,1.200000
1542465204,43.100000,1.200000
1542465205,43.000000,1.200000
1542465206,43.000000,1.200000
1542465207,43.000000,1.200000
1542465208,43.000000,1.200000
1542465209,43.000000,1.200000
1542465210,43.000000,1.200000
1542465211,43.000000,1.200000
1542465212,43.000000,1.200000
1542465213,43.000000,1.200000
1542465214,43.000000,1.200000
1542465215,43.000000,1.200000
1542465216,43.000000,1.200000
1542465217,43.000000,1.200000
1542465218,43.000000,1.200000
1542465219,43.000000,1.200000
1542465220,43.000000,1.200000
1542465221,43.000000,1.200000
1542465222,43.000000,1.200000
1542465223,43.000000,1.200000
1542465224,43.000000,1.200000
1542465225,43.000000,1.200000
1542465226,43.000000,1.200000
1542465227,43.000000,1.200000
1542465228,43.000000,1.200000
1542465230,43.000000,1.200000
1542465231,43.000000,1.200000
1542465232,43.000000,1.200000
1542465233,43.000000,1.200000
1542465234,43.000000,1.200000
1542465235,43.000000,1.200000
1542465236,43.000000,1.200000
1542465237,43.000000,1.200000
1542465238,43.000000,1.200000
1542465239,43.000000,1.200000
1542465240,43.000000,1.200000
1542465241,43.000000,1.200000
1542465242,43.000000,1.200000
1542465243,43.000000,1.200000
1542465244,43.000000,1.200000
1542465245,43.000000,1.200000
1542465246,43.000000,1.200000
1542465247,43.000000,1.200000
1542465248,43.000000,1.200000
1542465249,43.000000,1.200000
1542465250,43.000000,1.200000
1542465251,43.000000,1.200000
1542465252,43.000000,1.200000
1542465253,43.000000,1.200000
1542465254,43.000000,1.200000
1542465255,43.000000,1.200000
1542465256,43.000000,1.200000
1542465257,43.000000,1.200000
1542465258,43.000000,1.200000
1542465259,43.000000,1.200000
1542465260,43.000000,1.200000
1542465261,43.000000,1.200000
1542465262,43.000000,1.200000
1542465263,43.000000,1.200000
1542465264,43.000000,1.200000
1542465265,43.000000,1.200000
1542465267,43.000000,1.200000
1542465268,43.000000,1.200000
1542465269,43.000000,1.200000
1542465270,43.000000,1.200000
1542465271,43.000000,1.200000
1542465272,43.000000,1.200000
1542465273,43.000000,1.200000
1542465274,43.000000,1.200000
1542465275,43.000000,1.200000
1542465276,43.000000,1.200000
1542465277,43.000000,1.200000
1542465278,43.000000,1.200000
1542465279,43.000000,1.200000
1542465280,43.000000,1.200000
1542465281,43.000000,1.200000
1542465282,43.000000,1.200000
1542465283,43.000000,1.200000
1542465284,43.000000,1.200000
1542465285,43.000000,1.200000
1542465286,43.000000,1.200000
1542465287,43.000000,1.200000
1542465288,43.000000,1.200000
1542465289,43.000000,1.200000
1542465290,43.000000,1.200000
1542465291,43.000000,1.200000
1542465292,43.000000,1.200000
1542465293,43.000000,1.200000
1542465294,43.000000,1.200000
1542465295,43.000000,1.200000
1542465296,43.000000,1.200000
1542465297,43.000000,1.200000
1542465298,43.000000,1.200000
1542465299,43.000000,1.200000
1542465300,43.000000,1.200000
1542465301,43.000000,1.200000
1542465302,43.000000,1.200000
1542465303,43.000000,1.200000
1542465304,43.000000,1.200000
1542465306,43.000000,1.200000
1542465307,43.000000,1.200000
1542465308,43.000000,1.200000
1542465309,43.000000,1.200000
1542465310,43.000000,1.200000
1542465311,43.000000,1.200000
1542465312,43.000000,1.200000
1542465313,43.000000,1.200000
1542465314,43.000000,1.200000
1542465315,43.000000,1.200000
1542465316,43.000000,1.200000
1542465317,43.000000,1.200000
1542465318,43.000000,1.200000
1542465319,43.000000,1.200000
1542465320,43.000000,1.200000
1542465321,43.000000,1.200000
1542465322,42.900000,1.200000
1542465323,43.000000,1.200000
1542465324,43.000000,1.200000
1542465325,42.900000,1.200000
1542465326,43.000000,1.200000
1542465327,43.000000,1.200000
1542465328,42.900000,1.200000
1542465329,43.000000,1.200000
1542465330,43.000000,1.200000
1542465331,43.000000,1.200000
1542465332,43.000000,1.200000
1542465333,43.000000,1.200000
1542465334,43.000000,1.200000
1542465335,43.000000,1.200000
1542465336,43.000000,1.200000
1542465337,43.000000,1.200000
1542465338,43.000000,1.200000
1542465339,43.000000,1.200000
1542465340,43.000000,1.200000
1542465341,43.000000,1.200000
1542465342,43.000000,1.200000
1542465344,43.000000,1.200000
1542465345,43.000000,1.200000
1542465346,43.000000,1.200000
1542465347,43.000000,1.200000
1542465348,43.000000,1.200000
1542465349,43.000000,1.200000
1542465350,43.000000,1.200000
1542465351,43.000000,1.200000
1542465352,43.000000,1.200000
1542465353,43.000000,1.200000
1542465354,43.000000,1.200000
1542465355,43.000000,1.200000
1542465356,43.000000,1.200000
1542465357,43.000000,1.200000
1542465358,43.000000,1.200000
1542465359,43.000000,1.200000
1542465360,43.000000,1.200000
1542465361,43.000000,1.200000
1542465362,43.000000,1.200000
1542465363,43.000000,1.200000
1542465364,43.000000,1.200000
1542465365,43.000000,1.200000
1542465366,43.000000,1.200000
1542465367,43.000000,1.200000
1542465368,43.000000,1.200000
1542465369,43.000000,1.200000
1542465370,43.000000,1.200000
1542465371,43.000000,1.200000
1542465372,43.000000,1.200000
1542465373,43.000000,1.200000
1542465374,43.000000,1.200000
1542465375,43.000000,1.200000
1542465376,43.000000,1.200000
1542465377,43.000000,1.200000
1542465378,43.000000,1.200000
1542465379,43.000000,1.200000
1542465380,43.000000,1.200000
1542465381,43.000000,1.200000
1542465382,43.000000,1.200000
1542465383,43.000000,1.200000
1542465385,43.000000,1.200000
1542465386,43.000000,1.200000
1542465387,43.000000,1.200000
1542465388,43.000000,1.200000
1542465389,43.000000,1.200000
1542465390,43.000000,1.200000
1542465391,43.000000,1.200000
1542465392,43.000000,1.200000
1542465393,43.000000,1.200000
1542465394,43.000000,1.200000
1542465395,43.000000,1.200000
1542465396,43.000000,1.200000
1542465397,43.000000,1.200000
1542465398,43.000000,1.200000
1542465399,43.000000,1.200000
1542465400,43.000000,1.200000
1542465401,43.000000,1.200000
1542465402,43.000000,1.200000
1542465403,43.000000,1.200000
1542465404,43.000000,1.200000
1542465405,43.000000,1.200000
1542465406,43.000000,1.200000
1542465407,43.000000,1.200000
1542465408,43.000000,1.200000
1542465409,43.000000,1.200000
1542465410,43.000000,1.200000
1542465411,43.000000,1.200000
1542465412,43.000000,1.200000
1542465413,43.000000,1.200000
1542465414,43.000000,1.200000
1542465415,43.000000,1.200000
1542465416,43.000000,1.200000
1542465417,43.000000,1.200000
1542465418,43.000000,1.200000
1542465419,43.000000,1.200000
1542465420,43.000000,1.200000
1542465421,43.000000,1.200000
1542465422,43.000000,1.200000
1542465423,43.000000,1.200000
1542465425,43.000000,1.200000
1542465426,43.000000,1.200000
1542465427,43.000000,1.200000
1542465428,43.000000,1.200000
1542465429,43.000000,1.200000
1542465430,43.000000,1.200000
1542465431,43.000000,1.200000
1542465432,43.000000,1.200000
1542465433,43.000000,1.200000
1542465434,43.000000,1.200000
1542465435,43.000000,1.200000
1542465436,43.000000,1.200000
1542465437,43.000000,1.200000
1542465438,43.000000,1.200000
1542465439,43.000000,1.200000
1542465440,43.000000,1.200000
1542465441,43.000000,1.200000
1542465442,43.000000,1.200000
1542465443,43.000000,1.200000
1542465444,43.000000,1.200000
1542465445,43.000000,1.200000
1542465446,43.000000,1.200000
1542465447,43.000000,1.200000
1542465448,43.000000,1.200000
1542465449,43.000000,1.200000
1542465450,43.000000,1.200000
1542465451,43.000000,1.200000
1542465452,43.000000,1.200000
1542465453,43.000000,1.200000
1542465454,43.000000,1.200000
1542465455,43.000000,1.200000
1542465456,43.000000,1.200000
1542465457,43.000000,1.200000
1542465458,43.000000,1.200000
1542465459,43.000000,1.200000
1542465460,43.000000,1.200000
1542465461,43.000000,1.200000
1542465463,43.000000,1.200000
1542465464,43.000000,1.200000
1542465465,43.000000,1.200000
1542465466,43.000000,1.200000
1542465467,43.000000,1.200000
1542465468,43.000000,1.200000
1542465469,43.000000,1.200000
1542465470,43.000000,1.200000
1542465471,43.000000,1.200000
1542465472,43.000000,1.200000
1542465473,43.000000,1.200000
1542465474,43.000000,1.200000
1542465475,43.000000,1.200000
1542465476,43.000000,1.200000
1542465477,43.000000,1.200000
1542465478,43.000000,1.200000
1542465479,43.000000,1.200000
1542465480,43.000000,1.200000
1542465481,43.000000,1.200000
1542465482,43.000000,1.200000
1542465483,43.000000,1.200000
1542465484,43.000000,1.200000
1542465485,43.000000,1.200000
1542465486,43.000000,1.200000
1542465487,43.000000,1.200000
1542465488,43.000000,1.200000
1542465489,43.000000,1.200000
1542465490,43.000000,1.200000
1542465491,43.000000,1.200000
1542465492,43.000000,1.200000
1542465493,43.000000,1.200000
1542465494,43.000000,1.200000
1542465495,43.000000,1.200000
1542465496,43.000000,1.200000
1542465497,43.000000,1.200000
1542465498,43.000000,1.200000
1542465499,43.000000,1.200000
1542465500,43.000000,1.200000
1542465502,43.000000,1.200000
1542465503,43.000000,1.200000
1542465504,43.000000,1.200000
1542465505,43.000000,1.200000
1542465506,43.000000,1.200000
1542465507,43.000000,1.200000
1542465508,43.000000,1.200000
1542465509,43.000000,1.200000
1542465510,43.000000,1.200000
1542465511,43.000000,1.200000
1542465512,43.000000,1.200000
1542465513,43.000000,1.200000
1542465514,43.000000,1.200000
1542465515,43.000000,1.200000
1542465516,43.000000,1.200000
1542465517,43.000000,1.200000
1542465518,43.000000,1.200000
1542465519,43.000000,1.200000
1542465520,43.000000,1.200000
1542465521,43.000000,1.200000
1542465522,43.000000,1.200000
1542465523,43.000000,1.200000
1542465524,43.000000,1.200000
1542465525,43.000000,1.200000
1542465526,43.000000,1.200000
1542465527,43.000000,1.200000
1542465528,43.000000,1.200000
1542465529,43.000000,1.200000
1542465530,43.000000,1.200000
1542465531,43.000000,1.200000
1542465532,43.000000,1.200000
1542465533,43.000000,1.200000
1542465534,43.000000,1.200000
1542465535,43.000000,1.200000
1542465536,43.000000,1.200000
1542465537,43.000000,1.200000
1542465539,43.000000,1.200000
1542465540,43.000000,1.200000
1542465541,43.000000,1.200000
1542465542,43.000000,1.200000
1542465543,43.000000,1.200000
1542465544,43.000000,1.200000
1542465545,43.000000,1.200000
1542465546,43.000000,1.200000
1542465547,43.000000,1.200000
1542465548,43.000000,1.200000
1542465549,43.000000,1.200000
1542465550,43.000000,1.200000
1542465551,43.000000,1.200000
1542465552,43.000000,1.200000
1542465553,43.000000,1.200000
1542465554,43.000000,1.200000
1542465555,43.000000,1.200000
1542465556,43.000000,1.200000
1542465557,43.000000,1.200000
1542465558,43.000000,1.200000
1542465559,43.000000,1.200000
1542465560,43.000000,1.200000
1542465561,43.000000,1.200000
1542465562,43.000000,1.200000
1542465563,43.000000,1.200000
1542465564,43.000000,1.200000
1542465565,43.000000,1.200000
1542465566,43.000000,1.200000
1542465567,43.000000,1.200000
1542465568,43.000000,1.200000
1542465569,43.000000,1.200000
1542465570,43.000000,1.200000
1542465571,43.000000,1.200000
1542465572,43.000000,1.200000
1542465573,43.000000,1.200000
1542465574,43.000000,1.200000
1542465575,43.000000,1.200000
1542465576,43.000000,1.200000
1542465577,43.000000,1.200000
1542465578,43.000000,1.200000
1542465580,43.000000,1.200000
1542465581,43.000000,1.200000
1542465582,43.000000,1.200000
1542465583,43.000000,1.200000
1542465584,43.000000,1.200000
1542465585,43.000000,1.200000
1542465586,43.000000,1.200000
1542465587,43.000000,1.200000
1542465588,43.000000,1.200000
1542465589,43.000000,1.200000
1542465590,43.000000,1.200000
1542465591,43.000000,1.200000
1542465592,43.000000,1.200000
1542465593,43.000000,1.200000
1542465594,43.000000,1.200000
1542465595,43.000000,1.200000
1542465596,43.000000,1.200000
1542465597,43.000000,1.200000
1542465598,43.000000,1.200000
1542465599,43.000000,1.200000
1542465600,43.000000,1.200000
1542465601,43.000000,1.200000
1542465602,43.000000,1.200000
1542465603,43.000000,1.200000
1542465604,43.000000,1.200000
1542465605,43.000000,1.200000
1542465606,43.000000,1.200000
1542465607,43.000000,1.200000
1542465608,43.000000,1.200000
1542465609,43.000000,1.200000
1542465610,43.000000,1.200000
1542465611,43.000000,1.200000
1542465612,43.000000,1.200000
1542465613,43.000000,1.200000
1542465614,43.000000,1.200000
1542465615,43.000000,1.200000
1542465616,43.000000,1.200000
1542465618,43.000000,1.200000
1542465619,43.000000,1.200000
1542465620,43.000000,1.200000
1542465621,43.000000,1.200000
1542465622,43.000000,1.200000
1542465623,43.000000,1.200000
1542465624,43.000000,1.200000
1542465625,43.000000,1.200000
1542465626,43.000000,1.200000
1542465627,43.000000,1.200000
1542465628,43.000000,1.200000
1542465629,43.000000,1.200000
1542465630,43.000000,1.200000
1542465631,43.000000,1.200000
1542465632,43.000000,1.200000
1542465633,43.000000,1.200000
1542465634,43.000000,1.200000
1542465635,43.000000,1.200000
1542465636,43.000000,1.200000
1542465637,43.000000,1.200000
1542465638,43.000000,1.200000
1542465639,43.000000,1.200000
1542465640,43.000000,1.200000
1542465641,43.000000,1.200000
1542465642,43.000000,1.200000
1542465643,43.000000,1.200000
1542465644,43.000000,1.200000
1542465645,43.000000,1.200000
1542465646,43.000000,1.200000
1542465647,43.000000,1.200000
1542465648,43.000000,1.200000
1542465649,43.000000,1.200000
1542465650,43.000000,1.200000
1542465651,43.000000,1.200000
1542465652,43.000000,1.200000
1542465653,43.000000,1.200000
1542465654,43.000000,1.200000
1542465656,43.000000,1.200000
1542465657,43.000000,1.200000
1542465658,43.000000,1.200000
1542465659,43.000000,1.200000
1542465660,43.000000,1.200000
1542465661,43.000000,1.200000
1542465662,43.000000,1.200000
1542465663,43.000000,1.200000
1542465664,43.000000,1.200000
1542465665,43.000000,1.200000
1542465666,43.000000,1.200000
1542465667,43.000000,1.200000
1542465668,43.000000,1.200000
1542465669,43.000000,1.200000
1542465670,43.000000,1.200000
1542465671,43.000000,1.200000
1542465672,43.000000,1.200000
1542465673,43.000000,1.200000
1542465674,43.000000,1.200000
1542465675,43.000000,1.200000
1542465676,43.000000,1.200000
1542465677,43.000000,1.200000
1542465678,43.000000,1.200000
1542465679,43.000000,1.200000
1542465680,43.000000,1.200000
1542465681,43.000000,1.200000
1542465682,43.000000,1.200000
1542465683,43.000000,1.200000
1542465684,43.000000,1.200000
1542465685,43.000000,1.200000
1542465686,43.000000,1.200000
1542465687,43.000000,1.200000
1542465688,43.000000,1.200000
1542465689,43.000000,1.200000
1542465690,43.000000,1.200000
1542465691,43.000000,1.200000
1542465692,43.000000,1.200000
1542465693,43.000000,1.200000
1542465694,43.000000,1.200000
1542465696,43.000000,1.200000
1542465697,43.000000,1.200000
1542465698,43.000000,1.200000
1542465699,43.000000,1.200000
1542465700,43.000000,1.200000
1542465701,43.000000,1.200000
1542465702,43.000000,1.200000
1542465703,43.000000,1.200000
1542465704,43.000000,1.200000
1542465705,43.000000,1.200000
1542465706,43.000000,1.200000
1542465707,43.000000,1.200000
1542465708,43.000000,1.200000
1542465709,43.000000,1.200000
1542465710,43.000000,1.200000
1542465711,43.000000,1.200000
1542465712,43.000000,1.200000
1542465713,43.000000,1.200000
1542465714,43.000000,1.200000
1542465715,43.000000,1.200000
1542465716,43.000000,1.200000
1542465717,43.000000,1.200000
1542465718,43.000000,1.200000
1542465719,43.000000,1.200000
1542465720,43.000000,1.200000
1542465721,43.000000,1.200000
1542465722,43.000000,1.200000
1542465723,43.000000,1.200000
1542465724,43.000000,1.200000
1542465725,43.000000,1.200000
1542465726,43.000000,1.200000
1542465727,43.000000,1.200000
1542465728,43.000000,1.200000
1542465729,43.000000,1.200000
1542465730,43.000000,1.200000
1542465731,43.000000,1.200000
1542465732,43.000000,1.200000
1542465733,43.000000,1.200000
1542465735,43.000000,1.200000
1542465736,43.000000,1.200000
1542465737,43.000000,1.200000
1542465738,43.000000,1.200000
1542465739,43.000000,1.200000
1542465740,43.000000,1.200000
1542465741,43.000000,1.200000
1542465742,43.000000,1.200000
1542465743,43.000000,1.200000
1542465744,43.000000,1.200000
1542465745,43.000000,1.200000
1542465746,43.000000,1.200000
1542465747,43.000000,1.200000
1542465748,43.000000,1.200000
1542465749,43.000000,1.200000
1542465750,43.000000,1.200000
1542465751,43.000000,1.200000
1542465752,43.000000,1.200000
1542465753,43.000000,1.200000
1542465754,43.000000,1.200000
1542465755,43.000000,1.200000
1542465756,43.000000,1.200000
1542465757,43.000000,1.200000
1542465758,43.000000,1.200000
1542465759,43.000000,1.200000
1542465760,43.000000,1.200000
1542465761,43.000000,1.200000
1542465762,43.000000,1.200000
1542465763,43.000000,1.200000
1542465764,43.000000,1.200000
1542465765,43.000000,1.200000
1542465766,43.000000,1.200000
1542465767,43.000000,1.200000
1542465768,43.000000,1.200000
1542465769,43.000000,1.200000
1542465770,43.000000,1.200000
1542465771,43.000000,1.200000
1542465773,43.000000,1.200000
1542465774,43.000000,1.200000
1542465775,43.000000,1.200000
1542465776,43.000000,1.200000
1542465777,43.000000,1.200000
1542465778,43.000000,1.200000
1542465779,43.000000,1.200000
1542465780,43.000000,1.200000
1542465781,43.000000,1.200000
1542465782,43.000000,1.200000
1542465783,43.000000,1.200000
1542465784,43.000000,1.200000
1542465785,43.100000,1.200000
1542465786,43.100000,1.200000
1542465787,43.100000,1.200000
1542465788,43.100000,1.200000
1542465789,43.000000,1.200000
1542465790,43.000000,1.200000
1542465791,43.000000,1.200000
1542465792,43.000000,1.200000
1542465793,43.000000,1.200000
1542465794,43.000000,1.200000
1542465795,43.000000,1.200000
1542465796,43.100000,1.200000
1542465797,43.100000,1.200000
1542465798,43.100000,1.200000
1542465799,43.100000,1.200000
1542465800,43.100000,1.200000
1542465801,43.100000,1.200000
1542465802,43.100000,1.200000
1542465803,43.100000,1.200000
1542465804,43.100000,1.200000
1542465805,43.100000,1.200000
1542465806,43.100000,1.200000
1542465807,43.100000,1.200000
1542465808,43.100000,1.200000
1542465810,43.100000,1.200000
1542465811,43.100000,1.200000
1542465812,43.100000,1.200000
1542465813,43.100000,1.200000
1542465814,43.100000,1.200000
1542465815,43.100000,1.200000
1542465816,43.100000,1.200000
1542465817,43.100000,1.200000
1542465818,43.100000,1.200000
1542465819,43.100000,1.200000
1542465820,43.100000,1.200000
1542465821,43.100000,1.200000
1542465822,43.100000,1.200000
1542465823,43.100000,1.200000
1542465824,43.100000,1.200000
1542465825,43.100000,1.200000
1542465826,43.100000,1.200000
1542465827,43.100000,1.200000
1542465828,43.100000,1.200000
1542465829,43.100000,1.200000
1542465830,43.100000,1.200000
1542465831,43.100000,1.200000
1542465832,43.100000,1.200000
1542465833,43.100000,1.200000
1542465834,43.100000,1.200000
1542465835,43.100000,1.200000
1542465836,43.100000,1.200000
1542465837,43.100000,1.200000
1542465838,43.100000,1.200000
1542465839,43.100000,1.200000
1542465840,43.100000,1.200000
1542465841,43.100000,1.200000
1542465842,43.100000,1.200000
1542465843,43.100000,1.200000
1542465844,43.100000,1.200000
1542465845,43.100000,1.200000
1542465846,43.100000,1.200000
1542465848,43.100000,1.200000
1542465849,43.100000,1.200000
1542465850,43.100000,1.200000
1542465851,43.100000,1.200000
1542465852,43.100000,1.200000
1542465853,43.100000,1.200000
1542465854,43.100000,1.200000
1542465855,43.100000,1.200000
1542465856,43.100000,1.200000
1542465857,43.100000,1.200000
1542465858,43.100000,1.200000
1542465859,43.100000,1.200000
1542465860,43.100000,1.200000
1542465861,43.100000,1.200000
1542465862,43.100000,1.200000
1542465863,43.100000,1.200000
1542465864,43.100000,1.200000
1542465865,43.100000,1.200000
1542465866,43.100000,1.200000
1542465867,43.100000,1.200000
1542465868,43.100000,1.200000
1542465869,43.100000,1.200000
1542465870,43.100000,1.200000
1542465871,43.100000,1.200000
1542465872,43.100000,1.200000
1542465873,43.100000,1.200000
1542465874,43.100000,1.200000
1542465875,43.100000,1.200000
1542465876,43.100000,1.200000
1542465877,43.100000,1.200000
1542465878,43.100000,1.200000
1542465879,43.100000,1.200000
1542465880,43.100000,1.200000
1542465881,43.100000,1.200000
1542465882,43.100000,1.200000
1542465884,43.100000,1.200000
1542465885,43.100000,1.200000
1542465886,43.100000,1.200000
1542465887,43.100000,1.200000
1542465888,43.100000,1.200000
1542465889,43.100000,1.200000
1542465890,43.100000,1.200000
1542465891,43.100000,1.200000
1542465892,43.100000,1.200000
1542465893,43.100000,1.200000
1542465894,43.100000,1.200000
1542465895,43.100000,1.200000
1542465896,43.100000,1.200000
1542465897,43.100000,1.200000
1542465898,43.100000,1.200000
1542465899,43.100000,1.200000
1542465900,43.100000,1.200000
1542465901,43.100000,1.200000
1542465902,43.100000,1.200000
1542465903,43.100000,1.200000
1542465904,43.100000,1.200000
1542465905,43.100000,1.200000
1542465906,43.100000,1.200000
1542465907,43.100000,1.200000
1542465908,43.100000,1.200000
1542465909,43.100000,1.200000
1542465910,43.100000,1.200000
1542465911,43.100000,1.200000
1542465912,43.100000,1.200000
1542465913,43.100000,1.200000
1542465914,43.100000,1.200000
1542465915,43.100000,1.200000
1542465917,43.100000,1.200000
1542465918,43.100000,1.200000
1542465919,43.100000,1.200000
1542465920,43.100000,1.200000
1542465921,43.100000,1.200000
1542465922,43.100000,1.200000
1542465923,43.100000,1.200000
1542465924,43.100000,1.200000
1542465925,43.100000,1.200000
1542465926,43.100000,1.200000
1542465927,43.100000,1.200000
1542465928,43.100000,1.200000
1542465929,43.100000,1.200000
1542465930,43.100000,1.200000
1542465931,43.100000,1.200000
1542465932,43.100000,1.200000
1542465933,43.100000,1.200000
1542465934,43.100000,1.200000
1542465935,43.100000,1.200000
1542465936,43.100000,1.200000
1542465937,43.100000,1.200000
1542465938,43.100000,1.200000
1542465939,43.100000,1.200000
1542465940,43.100000,1.200000
1542465941,43.100000,1.200000
1542465942,43.100000,1.200000
1542465943,43.100000,1.200000
1542465944,43.100000,1.200000
1542465945,43.100000,1.200000
1542465946,43.100000,1.200000
1542465947,43.100000,1.200000
1542465948,43.100000,1.200000
1542465949,43.100000,1.200000
1542465950,43.100000,1.200000
1542465951,43.100000,1.200000
1542465952,43.100000,1.200000
1542465953,43.100000,1.200000
1542465954,43.100000,1.200000
1542465955,43.100000,1.200000
1542465956,43.100000,1.200000
1542465957,43.100000,1.200000
1542465959,43.100000,1.200000
1542465960,43.100000,1.200000
1542465961,43.100000,1.200000
1542465962,43.100000,1.200000
1542465963,43.100000,1.200000
1542465964,43.100000,1.200000
1542465965,43.100000,1.200000
1542465966,43.100000,1.200000
1542465967,43.100000,1.200000
1542465968,43.100000,1.200000
1542465969,43.100000,1.200000
1542465970,43.100000,1.200000
1542465971,43.100000,1.200000
1542465972,43.100000,1.200000
1542465973,43.100000,1.200000
1542465974,43.100000,1.200000
1542465975,43.100000,1.200000
1542465976,43.100000,1.200000
1542465977,43.100000,1.200000
1542465978,43.100000,1.200000
1542465979,43.100000,1.200000
1542465980,43.100000,1.200000
1542465981,43.100000,1.200000
1542465982,43.100000,1.200000
1542465983,43.100000,1.200000
1542465984,43.100000,1.200000
1542465985,43.100000,1.200000
1542465986,43.100000,1.200000
1542465987,43.100000,1.200000
1542465988,43.100000,1.200000
1542465989,43.100000,1.200000
1542465990,43.100000,1.200000
1542465991,43.100000,1.200000
1542465992,43.100000,1.200000
1542465993,43.100000,1.200000
1542465995,43.100000,1.200000
1542465996,43.100000,1.200000
1542465997,43.100000,1.200000
1542465998,43.100000,1.200000
1542465999,43.100000,1.200000
1542466000,43.000000,1.200000
1542466001,43.100000,1.200000
1542466002,43.000000,1.200000
1542466003,43.100000,1.200000
1542466004,43.100000,1.200000
1542466005,43.100000,1.200000
1542466006,43.000000,1.200000
1542466007,43.100000,1.200000
1542466008,43.000000,1.200000
1542466009,43.000000,1.200000
1542466010,43.000000,1.200000
1542466011,43.000000,1.200000
1542466012,43.000000,1.200000
1542466013,43.000000,1.200000
1542466014,43.000000,1.200000
1542466015,43.000000,1.200000
1542466016,43.000000,1.200000
1542466017,43.000000,1.200000
1542466018,43.000000,1.200000
1542466019,43.000000,1.200000
1542466020,43.000000,1.200000
1542466021,43.000000,1.200000
1542466022,43.000000,1.200000
1542466023,43.000000,1.200000
1542466024,43.000000,1.200000
1542466025,43.000000,1.200000
1542466026,43.000000,1.200000
1542466027,43.000000,1.200000
1542466028,43.000000,1.200000
1542466029,43.000000,1.200000
1542466030,43.000000,1.200000
1542466031,43.000000,1.200000
1542466032,43.000000,1.200000
1542466033,43.000000,1.200000
1542466035,43.000000,1.200000
1542466036,43.000000,1.200000
1542466037,43.000000,1.200000
1542466038,43.000000,1.200000
1542466039,43.000000,1.200000
1542466040,43.000000,1.200000
1542466041,43.000000,1.200000
1542466042,43.000000,1.200000
1542466043,43.000000,1.200000
1542466044,43.000000,1.200000
1542466045,43.000000,1.200000
1542466046,43.000000,1.200000
1542466047,43.000000,1.200000
1542466048,43.000000,1.200000
1542466049,43.000000,1.200000
1542466050,43.000000,1.200000
1542466051,43.000000,1.200000
1542466052,43.000000,1.200000
1542466053,43.000000,1.200000
1542466054,43.000000,1.200000
1542466055,43.000000,1.200000
1542466056,43.000000,1.200000
1542466057,43.000000,1.200000
1542466058,43.000000,1.200000
1542466059,43.000000,1.200000
1542466060,43.000000,1.200000
1542466061,43.000000,1.200000
1542466062,43.000000,1.200000
1542466063,43.000000,1.200000
1542466064,43.000000,1.200000
1542466065,43.000000,1.200000
1542466066,43.000000,1.200000
1542466067,43.000000,1.200000
1542466068,43.000000,1.200000
1542466069,43.000000,1.200000
1542466070,43.000000,1.200000
1542466072,43.000000,1.200000
1542466073,43.000000,1.200000
1542466074,43.000000,1.200000
1542466075,43.000000,1.200000
1542466076,43.000000,1.200000
1542466077,43.000000,1.200000
1542466078,43.000000,1.200000
1542466079,43.000000,1.200000
1542466080,43.000000,1.200000
1542466081,43.000000,1.200000
1542466082,43.000000,1.200000
1542466083,43.000000,1.200000
1542466084,43.000000,1.200000
1542466085,43.000000,1.200000
1542466086,43.000000,1.200000
1542466087,43.000000,1.200000
1542466088,43.000000,1.200000
1542466089,43.000000,1.200000
1542466090,43.000000,1.200000
1542466091,43.000000,1.200000
1542466092,43.000000,1.200000
1542466093,43.000000,1.200000
1542466094,43.000000,1.200000
1542466095,43.000000,1.200000
1542466096,43.000000,1.200000
1542466097,43.000000,1.200000
1542466098,43.000000,1.200000
1542466099,43.000000,1.200000
1542466100,43.000000,1.200000
1542466101,43.000000,1.200000
1542466102,43.000000,1.200000
1542466103,43.000000,1.200000
1542466104,43.000000,1.200000
1542466105,43.000000,1.200000
1542466106,43.000000,1.200000
1542466107,43.000000,1.200000
1542466108,43.000000,1.200000
1542466110,43.000000,1.200000
1542466111,43.000000,1.200000
1542466112,43.000000,1.200000
1542466113,43.000000,1.200000
1542466114,43.000000,1.200000
1542466115,43.000000,1.200000
1542466116,43.000000,1.200000
1542466117,43.000000,1.200000
1542466118,43.000000,1.200000
1542466119,43.000000,1.200000
1542466120,43.000000,1.200000
1542466121,43.000000,1.200000
1542466122,43.000000,1.200000
1542466123,43.000000,1.200000
1542466124,43.000000,1.200000
1542466125,43.000000,1.200000
1542466126,43.000000,1.200000
1542466127,43.000000,1.200000
1542466128,43.000000,1.200000
1542466129,43.000000,1.200000
1542466130,43.000000,1.200000
1542466131,43.000000,1.200000
1542466132,43.000000,1.200000
1542466133,43.000000,1.200000
1542466134,43.000000,1.200000
1542466135,43.000000,1.200000
1542466136,43.000000,1.200000
1542466137,43.000000,1.200000
1542466138,43.000000,1.200000
1542466139,43.000000,1.200000
1542466140,43.000000,1.200000
1542466141,43.000000,1.200000
1542466142,43.000000,1.200000
1542466143,43.000000,1.200000
1542466144,43.000000,1.200000
1542466145,43.000000,1.200000
1542466146,43.000000,1.200000
1542466148,43.000000,1.200000
1542466149,43.000000,1.200000
1542466150,43.000000,1.200000
1542466151,43.000000,1.200000
1542466152,43.000000,1.200000
1542466153,43.000000,1.200000
1542466154,43.000000,1.200000
1542466155,43.000000,1.200000
1542466156,43.000000,1.200000
1542466157,43.000000,1.200000
1542466158,43.000000,1.200000
1542466159,43.000000,1.200000
1542466160,43.000000,1.200000
1542466161,43.000000,1.200000
1542466162,43.000000,1.200000
1542466163,43.000000,1.200000
1542466164,43.000000,1.200000
1542466165,43.000000,1.200000
1542466166,43.000000,1.200000
1542466167,43.000000,1.200000
1542466168,43.000000,1.200000
1542466169,43.000000,1.200000
1542466170,43.000000,1.200000
1542466171,43.000000,1.200000
1542466172,43.000000,1.200000
1542466173,43.000000,1.200000
1542466174,43.000000,1.200000
1542466175,43.000000,1.200000
1542466176,43.000000,1.200000
1542466177,43.000000,1.200000
1542466178,43.000000,1.200000
1542466179,43.000000,1.200000
1542466180,43.000000,1.200000
1542466181,43.000000,1.200000
1542466182,43.000000,1.200000
1542466183,43.000000,1.200000
1542466184,43.000000,1.200000
1542466185,43.000000,1.200000
1542466187,43.000000,1.200000
1542466188,43.000000,1.200000
1542466189,43.000000,1.200000
1542466190,43.000000,1.200000
1542466191,43.000000,1.200000
1542466192,43.000000,1.200000
1542466193,43.000000,1.200000
1542466194,43.000000,1.200000
1542466195,43.000000,1.200000
1542466196,43.000000,1.200000
1542466197,43.000000,1.200000
1542466198,43.000000,1.200000
1542466199,43.000000,1.200000
1542466200,43.000000,1.200000
1542466201,43.000000,1.200000
1542466202,43.000000,1.200000
1542466203,43.000000,1.200000
1542466204,43.000000,1.200000
1542466205,43.000000,1.200000
1542466206,43.000000,1.200000
1542466207,43.000000,1.200000
1542466208,43.000000,1.200000
1542466209,43.000000,1.200000
1542466210,43.000000,1.200000
1542466211,43.000000,1.200000
1542466212,43.000000,1.200000
1542466213,43.000000,1.200000
1542466214,43.000000,1.200000
1542466215,43.000000,1.200000
1542466216,43.000000,1.200000
1542466217,43.000000,1.200000
1542466218,43.000000,1.200000
1542466219,43.000000,1.200000
1542466220,43.000000,1.200000
1542466222,43.000000,1.200000
1542466223,43.000000,1.200000
1542466224,43.000000,1.200000
1542466225,43.000000,1.200000
1542466226,43.000000,1.200000
1542466227,43.000000,1.200000
1542466228,43.000000,1.200000
1542466229,43.000000,1.200000
1542466230,43.000000,1.200000
1542466231,43.000000,1.200000
1542466232,43.000000,1.200000
1542466233,43.000000,1.200000
1542466234,43.000000,1.200000
1542466235,43.000000,1.200000
1542466236,43.000000,1.200000
1542466237,43.000000,1.200000
1542466238,43.000000,1.200000
1542466239,43.000000,1.200000
1542466240,43.000000,1.200000
1542466241,43.000000,1.200000
1542466242,43.000000,1.200000
1542466243,43.000000,1.200000
1542466244,43.000000,1.200000
1542466245,43.000000,1.200000
1542466246,43.000000,1.200000
1542466247,43.000000,1.200000
1542466248,43.000000,1.200000
1542466249,43.000000,1.200000
1542466250,43.000000,1.200000
1542466251,43.000000,1.200000
1542466252,43.000000,1.200000
1542466253,43.000000,1.200000
1542466254,43.000000,1.200000
1542466255,43.000000,1.200000
1542466256,43.000000,1.200000
1542466257,43.000000,1.200000
1542466259,43.000000,1.200000
1542466260,43.000000,1.200000
1542466261,43.000000,1.200000
1542466262,43.000000,1.200000
1542466263,43.000000,1.200000
1542466264,43.000000,1.200000
1542466265,43.000000,1.200000
1542466266,43.000000,1.200000
1542466267,43.000000,1.200000
1542466268,43.000000,1.200000
1542466269,43.000000,1.200000
1542466270,43.000000,1.200000
1542466271,43.000000,1.200000
1542466272,43.000000,1.200000
1542466273,43.000000,1.200000
1542466274,43.000000,1.200000
1542466275,43.000000,1.200000
1542466276,43.000000,1.200000
1542466277,43.000000,1.200000
1542466278,43.000000,1.200000
1542466279,43.000000,1.200000
1542466280,43.000000,1.200000
1542466281,43.000000,1.200000
1542466282,43.000000,1.200000
1542466283,43.000000,1.200000
1542466284,43.000000,1.200000
1542466285,43.000000,1.200000
1542466286,43.000000,1.200000
1542466287,43.000000,1.200000
1542466288,43.000000,1.200000
1542466289,43.000000,1.200000
1542466290,43.000000,1.200000
1542466291,43.000000,1.200000
1542466292,43.000000,1.200000
1542466293,43.000000,1.200000
1542466294,43.000000,1.200000
1542466295,43.000000,1.200000
1542466296,43.000000,1.200000
1542466297,43.000000,1.200000
1542466298,43.000000,1.200000
1542466300,43.000000,1.200000
1542466301,43.000000,1.200000
1542466302,43.000000,1.200000
1542466303,43.000000,1.200000
1542466304,43.000000,1.200000
1542466305,43.000000,1.200000
1542466306,43.000000,1.200000
1542466307,43.000000,1.200000
1542466308,43.000000,1.200000
1542466309,43.000000,1.200000
1542466310,43.000000,1.200000
1542466311,43.000000,1.200000
1542466312,43.000000,1.200000
1542466313,43.000000,1.200000
1542466314,43.000000,1.200000
1542466315,43.000000,1.200000
1542466316,43.000000,1.200000
1542466317,43.000000,1.200000
1542466318,43.000000,1.200000
1542466319,43.000000,1.200000
1542466320,43.000000,1.200000
1542466321,43.000000,1.200000
1542466322,43.000000,1.200000
1542466323,43.000000,1.200000
1542466324,43.000000,1.200000
1542466325,43.000000,1.200000
1542466326,43.000000,1.200000
1542466327,43.000000,1.200000
1542466328,43.000000,1.200000
1542466329,43.000000,1.200000
1542466330,43.000000,1.200000
1542466331,43.000000,1.200000
1542466332,43.000000,1.200000
1542466333,43.000000,1.200000
1542466334,43.000000,1.200000
1542466335,43.000000,1.200000
1542466336,43.000000,1.200000
1542466337,43.000000,1.200000
1542466338,43.000000,1.200000
1542466340,43.000000,1.200000
1542466341,43.000000,1.200000
1542466342,43.000000,1.200000
1542466343,43.000000,1.200000
1542466344,43.000000,1.200000
1542466345,43.000000,1.200000
1542466346,43.000000,1.200000
1542466347,43.000000,1.200000
1542466348,43.000000,1.200000
1542466349,43.000000,1.200000
1542466350,43.000000,1.200000
1542466351,43.000000,1.200000
1542466352,43.000000,1.200000
1542466353,43.000000,1.200000
1542466354,43.000000,1.200000
1542466355,43.000000,1.200000
1542466356,43.000000,1.200000
1542466357,43.000000,1.200000
1542466358,43.000000,1.200000
1542466359,43.000000,1.200000
1542466360,43.000000,1.200000
1542466361,43.000000,1.200000
1542466362,43.000000,1.200000
1542466363,43.000000,1.200000
1542466364,43.000000,1.200000
1542466365,43.000000,1.200000
1542466366,43.000000,1.200000
1542466367,43.000000,1.200000
1542466368,43.000000,1.200000
1542466369,43.000000,1.200000
1542466370,43.000000,1.200000
1542466371,43.000000,1.200000
1542466372,43.000000,1.200000
1542466373,43.000000,1.200000
1542466374,43.000000,1.200000
1542466375,43.000000,1.200000
1542466376,43.000000,1.200000
1542466377,43.000000,1.200000
1542466378,43.000000,1.200000
1542466380,43.000000,1.200000
1542466381,43.000000,1.200000
1542466382,43.000000,1.200000
1542466383,43.000000,1.200000
1542466384,43.000000,1.200000
1542466385,43.000000,1.200000
1542466386,43.000000,1.200000
1542466387,43.000000,1.200000
1542466388,43.000000,1.200000
1542466389,43.000000,1.200000
1542466390,43.000000,1.200000
1542466391,43.000000,1.200000
1542466392,43.000000,1.200000
1542466393,43.000000,1.200000
1542466394,43.000000,1.200000
1542466395,43.000000,1.200000
1542466396,43.000000,1.200000
1542466397,43.000000,1.200000
1542466398,43.000000,1.200000
1542466399,43.000000,1.200000
1542466400,43.000000,1.200000
1542466401,43.000000,1.200000
1542466402,43.000000,1.200000
1542466403,43.000000,1.200000
1542466404,43.000000,1.200000
1542466405,43.000000,1.200000
1542466406,43.000000,1.200000
1542466407,43.000000,1.200000
1542466408,43.000000,1.200000
1542466409,43.000000,1.200000
1542466410,43.000000,1.200000
1542466411,43.000000,1.200000
1542466412,43.000000,1.200000
1542466413,43.000000,1.200000
1542466414,43.000000,1.200000
1542466415,43.000000,1.200000
1542466416,43.000000,1.200000
1542466417,43.000000,1.200000
1542466419,43.000000,1.200000
1542466420,43.000000,1.200000
1542466421,43.000000,1.200000
1542466422,43.000000,1.200000
1542466423,43.000000,1.200000
1542466424,43.000000,1.200000
1542466425,43.000000,1.200000
1542466426,43.000000,1.200000
1542466427,43.000000,1.200000
1542466428,43.000000,1.200000
1542466429,43.000000,1.200000
1542466430,43.000000,1.200000
1542466431,43.000000,1.200000
1542466432,43.000000,1.200000
1542466433,43.000000,1.200000
1542466434,43.000000,1.200000
1542466435,43.000000,1.200000
1542466436,43.000000,1.200000
1542466437,43.000000,1.200000
1542466438,43.000000,1.200000
1542466439,43.000000,1.200000
1542466440,43.000000,1.200000
1542466441,43.000000,1.200000
1542466442,43.000000,1.200000
1542466443,43.000000,1.200000
1542466444,43.000000,1.200000
1542466445,43.000000,1.200000
1542466446,43.000000,1.200000
1542466447,43.000000,1.200000
1542466448,43.000000,1.200000
1542466449,43.000000,1.200000
1542466450,43.000000,1.200000
1542466451,43.000000,1.200000
1542466452,43.000000,1.200000
1542466453,43.000000,1.200000
1542466454,43.000000,1.200000
1542466455,43.000000,1.200000
1542466456,43.000000,1.200000
1542466457,43.000000,1.200000
1542466458,43.000000,1.200000
1542466460,43.000000,1.200000
1542466461,43.000000,1.200000
1542466462,43.000000,1.200000
1542466463,43.000000,1.200000
1542466464,43.000000,1.200000
1542466465,43.000000,1.200000
1542466466,43.000000,1.200000
1542466467,43.000000,1.200000
1542466468,43.000000,1.200000
1542466469,43.000000,1.200000
1542466470,43.000000,1.200000
1542466471,43.000000,1.200000
1542466472,43.000000,1.200000
1542466473,43.000000,1.200000
1542466474,43.000000,1.200000
1542466475,43.000000,1.200000
1542466476,43.000000,1.200000
1542466477,43.000000,1.200000
1542466478,43.000000,1.200000
1542466479,43.000000,1.200000
1542466480,43.000000,1.200000
1542466481,43.000000,1.200000
1542466482,43.000000,1.200000
1542466483,43.000000,1.200000
1542466484,43.000000,1.200000
1542466485,43.000000,1.200000
1542466486,43.000000,1.200000
1542466487,43.000000,1.200000
1542466488,43.000000,1.200000
1542466489,43.000000,1.200000
1542466490,43.000000,1.200000
1542466491,43.000000,1.200000
1542466492,43.000000,1.200000
1542466493,43.000000,1.200000
1542466494,43.000000,1.200000
1542466495,43.000000,1.200000
1542466496,43.000000,1.200000
1542466497,43.000000,1.200000
1542466499,43.000000,1.200000
1542466500,43.000000,1.200000
1542466501,43.000000,1.200000
1542466502,43.000000,1.200000
1542466503,43.000000,1.200000
1542466504,43.000000,1.200000
1542466505,43.000000,1.200000
1542466506,43.000000,1.200000
1542466507,43.000000,1.200000
1542466508,43.000000,1.200000
1542466509,43.000000,1.200000
1542466510,43.000000,1.200000
1542466511,43.000000,1.200000
1542466512,43.000000,1.200000
1542466513,43.000000,1.200000
1542466514,43.000000,1.200000
1542466515,43.000000,1.200000
1542466516,43.000000,1.200000
1542466517,43.000000,1.200000
1542466518,43.000000,1.200000
1542466519,43.000000,1.200000
1542466520,43.000000,1.200000
1542466521,43.000000,1.200000
1542466522,43.000000,1.200000
1542466523,43.000000,1.200000
1542466524,43.000000,1.200000
1542466525,43.000000,1.200000
1542466526,43.000000,1.200000
1542466527,43.000000,1.200000
1542466528,43.000000,1.200000
1542466529,43.000000,1.200000
1542466530,43.000000,1.200000
1542466531,43.000000,1.200000
1542466532,43.000000,1.200000
1542466533,43.000000,1.200000
1542466534,43.000000,1.200000
1542466535,43.000000,1.200000
1542466536,43.000000,1.200000
1542466537,43.000000,1.200000
1542466538,43.000000,1.200000
1542466539,43.000000,1.200000
1542466540,43.000000,1.200000
1542466541,43.000000,1.200000
1542466543,43.000000,1.200000
1542466544,43.000000,1.200000
1542466545,43.000000,1.200000
1542466546,43.000000,1.200000
1542466547,43.000000,1.200000
1542466548,43.000000,1.200000
1542466549,43.000000,1.200000
1542466550,43.000000,1.200000
1542466551,43.000000,1.200000
1542466552,43.000000,1.200000
1542466553,43.000000,1.200000
1542466554,43.000000,1.200000
1542466555,43.000000,1.200000
1542466556,43.000000,1.200000
1542466557,43.000000,1.200000
1542466558,43.000000,1.200000
1542466559,43.000000,1.200000
1542466560,43.000000,1.200000
1542466561,43.000000,1.200000
1542466562,43.000000,1.200000
1542466563,43.000000,1.200000
1542466564,43.000000,1.200000
1542466565,43.000000,1.200000
1542466566,43.000000,1.200000
1542466567,43.000000,1.200000
1542466568,43.000000,1.200000
1542466569,43.000000,1.200000
1542466570,43.000000,1.200000
1542466571,43.000000,1.200000
1542466572,43.000000,1.200000
1542466573,43.000000,1.200000
1542466574,43.000000,1.200000
1542466575,43.000000,1.200000
1542466576,43.000000,1.200000
1542466577,43.000000,1.200000
1542466578,43.000000,1.200000
1542466579,43.000000,1.200000
1542466580,43.000000,1.200000
1542466581,43.000000,1.200000
1542466582,43.000000,1.200000
1542466584,43.000000,1.200000
1542466585,43.000000,1.200000
1542466586,43.000000,1.200000
1542466587,43.000000,1.200000
1542466588,43.000000,1.200000
1542466589,43.000000,1.200000
1542466590,43.000000,1.200000
1542466591,43.000000,1.200000
1542466592,43.000000,1.200000
1542466593,43.000000,1.200000
1542466594,43.000000,1.200000
1542466595,43.000000,1.200000
1542466596,43.000000,1.200000
1542466597,43.000000,1.200000
1542466598,43.000000,1.200000
1542466599,43.000000,1.200000
1542466600,43.000000,1.200000
1542466601,43.000000,1.200000
1542466602,43.000000,1.200000
1542466603,43.000000,1.200000
1542466604,43.000000,1.200000
1542466605,43.000000,1.200000
1542466606,43.000000,1.200000
1542466607,43.000000,1.200000
1542466608,43.000000,1.200000
1542466609,43.000000,1.200000
1542466610,43.000000,1.200000
1542466611,43.000000,1.200000
1542466612,43.000000,1.200000
1542466613,43.000000,1.200000
1542466614,43.000000,1.200000
1542466615,43.000000,1.200000
1542466616,43.000000,1.200000
1542466617,43.000000,1.200000
1542466618,43.000000,1.200000
1542466619,43.000000,1.200000
1542466620,43.000000,1.200000
1542466621,43.000000,1.200000
1542466622,43.000000,1.200000
1542466624,43.000000,1.200000
1542466625,43.000000,1.200000
1542466626,43.000000,1.200000
1542466627,43.000000,1.200000
1542466628,43.000000,1.200000
1542466629,43.000000,1.200000
1542466630,43.000000,1.200000
1542466631,43.000000,1.200000
1542466632,43.000000,1.200000
1542466633,43.000000,1.200000
1542466634,43.000000,1.200000
1542466635,43.000000,1.200000
1542466636,43.000000,1.200000
1542466637,43.000000,1.200000
1542466638,43.000000,1.200000
1542466639,43.000000,1.200000
1542466640,43.000000,1.200000
1542466641,43.000000,1.200000
1542466642,43.000000,1.200000
1542466643,43.000000,1.200000
1542466644,43.000000,1.200000
1542466645,43.000000,1.200000
1542466646,43.000000,1.200000
1542466647,43.000000,1.200000
1542466648,43.000000,1.200000
1542466649,43.000000,1.200000
1542466650,43.000000,1.200000
1542466651,43.000000,1.200000
1542466652,43.000000,1.200000
1542466653,43.000000,1.200000
1542466654,43.000000,1.200000
1542466655,43.000000,1.200000
1542466656,43.000000,1.200000
1542466657,43.000000,1.200000
1542466658,43.000000,1.200000
1542466659,43.000000,1.200000
1542466660,43.000000,1.200000
1542466661,43.000000,1.200000
1542466662,43.000000,1.200000
1542466663,43.000000,1.200000
1542466665,43.000000,1.200000
1542466666,43.000000,1.200000
1542466667,43.000000,1.200000
1542466668,43.000000,1.200000
1542466669,43.000000,1.200000
1542466670,43.000000,1.200000
1542466671,43.000000,1.200000
1542466672,43.000000,1.200000
1542466673,43.000000,1.200000
1542466674,43.000000,1.200000
1542466675,43.000000,1.200000
1542466676,43.000000,1.200000
1542466677,43.000000,1.200000
1542466678,43.000000,1.200000
1542466679,43.000000,1.200000
1542466680,43.000000,1.200000
1542466681,43.000000,1.200000
1542466682,43.000000,1.200000
1542466683,43.000000,1.200000
1542466684,43.000000,1.200000
1542466685,43.000000,1.200000
1542466686,43.000000,1.200000
1542466687,43.000000,1.200000
1542466688,43.000000,1.200000
1542466689,43.000000,1.200000
1542466690,43.000000,1.200000
1542466691,43.000000,1.200000
1542466692,43.000000,1.200000
1542466693,43.000000,1.200000
1542466694,43.000000,1.200000
1542466695,43.000000,1.200000
1542466696,43.000000,1.200000
1542466697,43.000000,1.200000
1542466698,43.000000,1.200000
1542466699,43.000000,1.200000
1542466700,43.000000,1.200000
1542466701,43.000000,1.200000
1542466702,43.000000,1.200000
1542466704,43.000000,1.200000
1542466705,43.000000,1.200000
1542466706,43.000000,1.200000
1542466707,43.000000,1.200000
1542466708,43.000000,1.200000
1542466709,43.000000,1.200000
1542466710,43.000000,1.200000
1542466711,43.000000,1.200000
1542466712,43.000000,1.200000
1542466713,43.000000,1.200000
1542466714,43.000000,1.200000
1542466715,43.000000,1.200000
1542466716,43.000000,1.200000
1542466717,43.000000,1.200000
1542466718,43.000000,1.200000
1542466719,43.000000,1.200000
1542466720,43.000000,1.200000
1542466721,43.000000,1.200000
1542466722,43.000000,1.200000
1542466723,43.000000,1.200000
1542466724,43.000000,1.200000
1542466725,43.000000,1.200000
1542466726,43.000000,1.200000
1542466727,43.000000,1.200000
1542466728,43.000000,1.200000
1542466729,43.000000,1.200000
1542466730,43.000000,1.200000
1542466731,43.000000,1.200000
1542466732,43.000000,1.200000
1542466733,43.000000,1.200000
1542466734,43.000000,1.200000
1542466735,43.000000,1.200000
1542466736,43.000000,1.200000
1542466737,43.000000,1.200000
1542466738,43.000000,1.200000
1542466739,43.000000,1.200000
1542466741,43.000000,1.200000
1542466742,43.000000,1.200000
1542466743,43.000000,1.200000
1542466744,43.000000,1.200000
1542466745,43.000000,1.200000
1542466746,43.000000,1.200000
1542466747,43.000000,1.200000
1542466748,43.000000,1.200000
1542466749,43.000000,1.200000
1542466750,43.000000,1.200000
1542466751,43.000000,1.200000
1542466752,43.000000,1.200000
1542466753,43.000000,1.200000
1542466754,43.000000,1.200000
1542466755,43.000000,1.200000
1542466756,43.000000,1.200000
1542466757,43.000000,1.200000
1542466758,43.000000,1.200000
1542466759,43.000000,1.200000
1542466760,43.000000,1.200000
1542466761,43.000000,1.200000
1542466762,43.000000,1.200000
1542466763,43.000000,1.200000
1542466764,43.000000,1.200000
1542466765,43.000000,1.200000
1542466766,43.000000,1.200000
1542466767,43.000000,1.200000
1542466768,43.000000,1.200000
1542466769,43.000000,1.200000
1542466770,43.000000,1.200000
1542466771,43.000000,1.200000
1542466772,43.000000,1.200000
1542466773,43.000000,1.200000
1542466774,43.000000,1.200000
1542466775,43.000000,1.200000
1542466777,43.000000,1.200000
1542466778,43.000000,1.200000
1542466779,43.000000,1.200000
1542466780,43.000000,1.200000
1542466781,43.000000,1.200000
1542466782,43.000000,1.200000
1542466783,43.000000,1.200000
1542466784,43.000000,1.200000
1542466785,43.000000,1.200000
1542466786,43.000000,1.200000
1542466787,43.000000,1.200000
1542466788,43.000000,1.200000
1542466789,43.000000,1.200000
1542466790,43.000000,1.200000
1542466791,43.000000,1.200000
1542466792,43.000000,1.200000
1542466793,43.000000,1.200000
1542466794,43.000000,1.200000
1542466795,43.000000,1.200000
1542466796,43.000000,1.200000
1542466797,43.000000,1.200000
1542466798,43.000000,1.200000
1542466799,43.000000,1.200000
1542466800,43.000000,1.200000
1542466801,43.000000,1.200000
1542466802,43.000000,1.200000
1542466803,43.000000,1.200000
1542466804,43.000000,1.200000
1542466805,43.000000,1.200000
1542466806,43.000000,1.200000
1542466807,43.000000,1.200000
1542466808,43.000000,1.200000
1542466809,43.000000,1.200000
1542466810,43.000000,1.200000
1542466811,43.000000,1.200000
1542466812,43.000000,1.200000
1542466813,43.000000,1.200000
1542466814,43.000000,1.200000
1542466815,43.000000,1.200000
1542466816,43.000000,1.200000
1542466818,43.000000,1.200000
1542466819,43.000000,1.200000
1542466820,43.000000,1.200000
1542466821,43.000000,1.200000
1542466822,43.000000,1.200000
1542466823,43.000000,1.200000
1542466824,43.000000,1.200000
1542466825,43.000000,1.200000
1542466826,43.000000,1.200000
1542466827,43.000000,1.200000
1542466828,43.000000,1.200000
1542466829,43.000000,1.200000
1542466830,43.000000,1.200000
1542466831,43.000000,1.200000
1542466832,43.000000,1.200000
1542466833,43.000000,1.200000
1542466834,43.000000,1.200000
1542466835,43.000000,1.200000
1542466836,43.000000,1.200000
1542466837,43.000000,1.200000
1542466838,43.000000,1.200000
1542466839,43.000000,1.200000
1542466840,43.000000,1.200000
1542466841,43.000000,1.200000
1542466842,43.000000,1.200000
1542466843,43.000000,1.200000
1542466844,43.000000,1.200000
1542466845,43.000000,1.200000
1542466846,43.000000,1.200000
1542466847,43.000000,1.200000
1542466848,43.000000,1.200000
1542466849,43.000000,1.200000
1542466850,43.000000,1.200000
1542466851,43.000000,1.200000
1542466852,43.000000,1.200000
1542466853,43.000000,1.200000
1542466854,43.000000,1.200000
1542466855,43.000000,1.200000
1542466857,43.000000,1.200000
1542466858,43.000000,1.200000
1542466859,43.000000,1.200000
1542466860,43.000000,1.200000
1542466861,43.000000,1.200000
1542466862,43.000000,1.200000
1542466863,43.000000,1.200000
1542466864,43.000000,1.200000
1542466865,43.000000,1.200000
1542466866,43.000000,1.200000
1542466867,43.000000,1.200000
1542466868,43.000000,1.200000
1542466869,43.000000,1.200000
1542466870,43.000000,1.200000
1542466871,43.000000,1.200000
1542466872,43.000000,1.200000
1542466873,43.000000,1.200000
1542466874,43.000000,1.200000
1542466875,43.000000,1.200000
1542466876,43.000000,1.200000
1542466877,43.000000,1.200000
1542466878,43.000000,1.200000
1542466879,43.000000,1.200000
1542466880,43.000000,1.200000
1542466881,43.000000,1.200000
1542466882,43.000000,1.200000
1542466883,43.000000,1.200000
1542466884,43.000000,1.200000
1542466885,43.000000,1.200000
1542466886,43.000000,1.200000
1542466887,43.000000,1.200000
1542466888,43.000000,1.200000
1542466889,43.000000,1.200000
1542466890,43.000000,1.200000
1542466891,43.000000,1.200000
1542466892,43.000000,1.200000
1542466893,43.000000,1.200000
1542466894,43.000000,1.200000
1542466895,43.000000,1.200000
1542466897,43.000000,1.200000
1542466898,43.000000,1.200000
1542466899,43.000000,1.200000
1542466900,43.000000,1.200000
1542466901,43.000000,1.200000
1542466902,43.000000,1.200000
1542466903,43.000000,1.200000
1542466904,43.000000,1.200000
1542466905,43.000000,1.200000
1542466906,43.000000,1.200000
1542466907,43.000000,1.200000
1542466908,43.000000,1.200000
1542466909,43.000000,1.200000
1542466910,43.000000,1.200000
1542466911,43.000000,1.200000
1542466912,43.000000,1.200000
1542466913,43.000000,1.200000
1542466914,43.000000,1.200000
1542466915,43.000000,1.200000
1542466916,43.000000,1.200000
1542466917,43.000000,1.200000
1542466918,43.000000,1.200000
1542466919,43.000000,1.200000
1542466920,43.000000,1.200000
1542466921,43.000000,1.200000
1542466922,43.000000,1.200000
1542466923,43.000000,1.200000
1542466924,43.000000,1.200000
1542466925,43.000000,1.200000
1542466926,43.000000,1.200000
1542466927,43.000000,1.200000
1542466928,43.000000,1.200000
1542466929,43.000000,1.200000
1542466930,43.000000,1.200000
1542466932,43.000000,1.200000
1542466933,43.000000,1.200000
1542466934,43.000000,1.200000
1542466935,43.000000,1.200000
1542466936,43.000000,1.200000
1542466937,43.000000,1.200000
1542466938,43.000000,1.200000
1542466939,43.000000,1.200000
1542466940,43.000000,1.200000
1542466941,43.000000,1.200000
1542466942,43.000000,1.200000
1542466943,43.000000,1.200000
1542466944,43.000000,1.200000
1542466945,43.000000,1.200000
1542466946,43.000000,1.200000
1542466947,43.000000,1.200000
1542466948,43.000000,1.200000
1542466949,43.000000,1.200000
1542466950,43.000000,1.200000
1542466951,43.000000,1.200000
1542466952,43.000000,1.200000
1542466953,43.000000,1.200000
1542466954,43.000000,1.200000
1542466955,43.000000,1.200000
1542466956,43.000000,1.200000
1542466957,43.000000,1.200000
1542466958,43.000000,1.200000
1542466959,43.000000,1.200000
1542466960,43.000000,1.200000
1542466961,43.000000,1.200000
1542466962,43.000000,1.200000
1542466963,43.000000,1.200000
1542466964,43.000000,1.200000
1542466965,43.000000,1.200000
1542466966,43.000000,1.200000
1542466967,43.000000,1.200000
1542466969,43.000000,1.200000
1542466970,43.000000,1.200000
1542466971,43.000000,1.200000
1542466972,43.000000,1.200000
1542466973,43.000000,1.200000
1542466974,43.000000,1.200000
1542466975,43.000000,1.200000
1542466976,43.000000,1.200000
1542466977,43.000000,1.200000
1542466978,43.000000,1.200000
1542466979,43.000000,1.200000
1542466980,43.000000,1.200000
1542466981,43.000000,1.200000
1542466982,43.000000,1.200000
1542466983,43.000000,1.200000
1542466984,43.000000,1.200000
1542466985,43.000000,1.200000
1542466986,43.000000,1.200000
1542466987,43.000000,1.200000
1542466988,43.000000,1.200000
1542466989,43.000000,1.200000
1542466990,43.000000,1.200000
1542466991,43.000000,1.200000
1542466992,43.000000,1.200000
1542466993,43.000000,1.200000
1542466994,43.000000,1.200000
1542466995,43.000000,1.200000
1542466996,43.000000,1.200000
1542466997,43.000000,1.200000
1542466998,43.000000,1.200000
1542466999,43.000000,1.200000
1542467000,43.000000,1.200000
1542467001,43.000000,1.200000
1542467002,43.000000,1.200000
1542467003,43.000000,1.200000
1542467004,43.000000,1.200000
1542467005,43.000000,1.200000
1542467007,43.000000,1.200000
1542467008,43.000000,1.200000
1542467009,43.000000,1.200000
1542467010,43.000000,1.200000
1542467011,43.000000,1.200000
1542467012,43.000000,1.200000
1542467013,43.000000,1.200000
1542467014,43.000000,1.200000
1542467015,43.000000,1.200000
1542467016,43.000000,1.200000
1542467017,43.000000,1.200000
1542467018,43.000000,1.200000
1542467019,43.000000,1.200000
1542467020,43.000000,1.200000
1542467021,43.000000,1.200000
1542467022,43.000000,1.200000
1542467023,43.000000,1.200000
1542467024,43.000000,1.200000
1542467025,43.000000,1.200000
1542467026,43.000000,1.200000
1542467027,43.000000,1.200000
1542467028,43.000000,1.200000
1542467029,43.000000,1.200000
1542467030,43.000000,1.200000
1542467031,43.000000,1.200000
1542467032,43.000000,1.200000
1542467033,43.000000,1.200000
1542467034,43.000000,1.200000
1542467035,43.000000,1.200000
1542467036,43.000000,1.200000
1542467037,43.000000,1.200000
1542467038,43.000000,1.200000
1542467040,43.000000,1.200000
1542467041,43.000000,1.200000
1542467042,43.000000,1.200000
1542467043,43.000000,1.200000
1542467044,43.000000,1.200000
1542467045,43.000000,1.200000
1542467046,43.000000,1.200000
1542467047,43.000000,1.200000
1542467048,43.000000,1.200000
1542467049,43.000000,1.200000
1542467050,43.000000,1.200000
1542467051,43.000000,1.200000
1542467052,43.000000,1.200000
1542467053,43.000000,1.200000
1542467054,43.000000,1.200000
1542467055,43.000000,1.200000
1542467056,43.000000,1.200000
1542467057,43.000000,1.200000
1542467058,43.000000,1.200000
1542467059,43.000000,1.200000
1542467060,43.000000,1.200000
1542467061,43.000000,1.200000
1542467062,43.000000,1.200000
1542467063,43.000000,1.200000
1542467064,43.000000,1.200000
1542467065,43.000000,1.200000
1542467066,43.000000,1.200000
1542467067,43.000000,1.200000
1542467068,43.000000,1.200000
1542467069,43.000000,1.200000
1542467070,43.000000,1.200000
1542467071,43.000000,1.200000
1542467072,43.000000,1.200000
1542467073,43.000000,1.200000
1542467075,43.000000,1.200000
1542467076,43.000000,1.200000
1542467077,43.000000,1.200000
1542467078,43.000000,1.200000
1542467079,43.000000,1.200000
1542467080,43.000000,1.200000
1542467081,43.000000,1.200000
1542467082,43.000000,1.200000
1542467083,43.000000,1.200000
1542467084,43.000000,1.200000
1542467085,43.000000,1.200000
1542467086,43.000000,1.200000
1542467087,43.000000,1.200000
1542467088,43.000000,1.200000
1542467089,43.000000,1.200000
1542467090,43.000000,1.200000
1542467091,43.000000,1.200000
1542467092,43.000000,1.200000
1542467093,43.000000,1.200000
1542467094,43.000000,1.200000
1542467095,43.000000,1.200000
1542467096,43.000000,1.200000
1542467097,43.000000,1.200000
1542467098,43.000000,1.200000
1542467099,43.000000,1.200000
1542467100,43.000000,1.200000
1542467101,43.000000,1.200000
1542467102,43.000000,1.200000
1542467103,43.000000,1.200000
1542467104,43.000000,1.200000
1542467105,43.000000,1.200000
1542467106,43.000000,1.200000
1542467107,43.000000,1.200000
1542467108,43.000000,1.200000
1542467109,43.000000,1.200000
1542467110,43.000000,1.200000
1542467112,43.000000,1.200000
1542467113,43.000000,1.200000
1542467114,43.000000,1.200000
1542467115,43.000000,1.200000
1542467116,43.000000,1.200000
1542467117,43.000000,1.200000
1542467118,43.000000,1.200000
1542467119,43.000000,1.200000
1542467120,43.000000,1.200000
1542467121,43.000000,1.200000
1542467122,43.000000,1.200000
1542467123,43.000000,1.200000
1542467124,43.000000,1.200000
1542467125,43.000000,1.200000
1542467126,43.000000,1.200000
1542467127,43.000000,1.200000
1542467128,43.000000,1.200000
1542467129,43.000000,1.200000
1542467130,43.000000,1.200000
1542467131,43.000000,1.200000
1542467132,43.000000,1.200000
1542467133,43.000000,1.200000
1542467134,43.000000,1.200000
1542467135,43.000000,1.200000
1542467136,43.000000,1.200000
1542467137,43.000000,1.200000
1542467138,43.000000,1.200000
1542467139,43.000000,1.200000
1542467140,43.000000,1.200000
1542467141,43.000000,1.200000
1542467142,43.000000,1.200000
1542467143,43.000000,1.200000
1542467144,43.000000,1.200000
1542467145,43.000000,1.200000
1542467146,43.000000,1.200000
1542467147,43.000000,1.200000
1542467149,43.000000,1.200000
1542467150,43.000000,1.200000
1542467151,43.000000,1.200000
1542467152,43.000000,1.200000
1542467153,43.000000,1.200000
1542467154,43.000000,1.200000
1542467155,43.000000,1.200000
1542467156,43.000000,1.200000
1542467157,43.000000,1.200000
1542467158,43.000000,1.200000
1542467159,43.000000,1.200000
1542467160,43.000000,1.200000
1542467161,43.000000,1.200000
1542467162,43.000000,1.200000
1542467163,43.000000,1.200000
1542467164,43.000000,1.200000
1542467165,43.000000,1.200000
1542467166,43.000000,1.200000
1542467167,43.000000,1.200000
1542467168,43.000000,1.200000
1542467169,43.000000,1.200000
1542467170,43.000000,1.200000
1542467171,43.000000,1.200000
1542467172,43.000000,1.200000
1542467173,43.000000,1.200000
1542467174,43.000000,1.200000
1542467175,43.000000,1.200000
1542467176,43.000000,1.200000
1542467177,43.000000,1.200000
1542467178,43.000000,1.200000
1542467179,43.000000,1.200000
1542467180,43.000000,1.200000
1542467181,43.000000,1.200000
1542467182,43.000000,1.200000
1542467183,43.000000,1.200000
1542467184,43.000000,1.200000
1542467185,43.000000,1.200000
1542467187,43.000000,1.200000
1542467188,43.000000,1.200000
1542467189,43.000000,1.200000
1542467190,43.000000,1.200000
1542467191,43.000000,1.200000
1542467192,43.000000,1.200000
1542467193,43.000000,1.200000
1542467194,43.000000,1.200000
1542467195,43.000000,1.200000
1542467196,43.000000,1.200000
1542467197,43.000000,1.200000
1542467198,43.000000,1.200000
1542467199,43.000000,1.200000
1542467200,43.000000,1.200000
1542467201,43.000000,1.200000
1542467202,43.000000,1.200000
1542467203,43.000000,1.200000
1542467204,43.000000,1.200000
1542467205,43.000000,1.200000
1542467206,43.000000,1.200000
